1,1,612,1,1,696100,0,0,20883,69610,27844,13922,0,0,0,0,0,0,134286,0,795,0,0,0,0,0,0
1,1,612,1,2,533000,0,0,15990,53300,21320,10660,0,0,0,0,0,0,-45255,7415,0,0,0,0,0,0,0
1,1,612,1,4,157281000,0,0,18873720,15728100,6291240,3145620,0,0,0,0,0,0,-4521377,0,219557,0,0,0,0,0,30000
1,1,612,1,5,39991200,0,0,4798944,3999120,1599648,799824,0,0,0,0,0,0,-1238963,129623,0,0,0,0,0,0,0
1,1,612,1,6,152203900,0,0,18264468,15220390,6088156,3044078,0,0,0,0,0,0,5362505,0,2058073,0,0,0,0,0,0
1,1,612,2,1,680400,0,0,20412,68040,27216,13608,0,0,0,0,0,0,-5413,5603,0,0,0,0,0,0,0
1,1,612,2,2,389400,0,0,11682,38940,15576,7788,0,0,0,0,0,0,12603,2381,4572,0,0,0,0,0,0
1,1,612,2,4,190655700,0,0,22878684,19065570,7626228,3813114,0,0,0,0,0,0,1060794,188690,0,0,0,0,0,0,0
1,1,612,2,5,48258000,0,0,5790960,4825800,1930320,965160,0,0,0,0,0,0,1624787,0,376973,0,0,0,0,0,0
1,1,612,2,6,170347100,0,0,20441652,17034710,6813884,3406942,0,0,0,0,0,0,-5716774,346934,0,0,0,0,0,0,40000
1,1,612,3,1,699100,0,0,20973,69910,27964,13982,0,0,0,0,0,0,-15509,0,23580,0,0,0,0,0,0
1,1,612,3,2,701800,0,0,21054,70180,28072,14036,0,0,0,0,0,0,-902,59950,0,0,0,0,0,0,0
1,1,612,3,4,171157100,0,0,20538852,17115710,6846284,3423142,0,0,0,0,0,0,-523643,1880495,0,0,0,0,0,0,60000
1,1,612,3,5,37746500,0,0,4529580,3774650,1509860,754930,0,0,0,0,0,0,-952852,0,199282,0,0,0,0,0,4000
1,1,612,3,6,213740300,0,0,25648836,21374030,8549612,4274806,0,0,0,0,0,0,-1173171,660663,0,0,0,0,0,0,116000
1,1,612,4,1,417800,0,0,12534,41780,16712,8356,0,0,0,0,0,0,45457,0,2561,0,0,0,0,0,0
1,1,612,4,2,683800,0,0,20514,68380,27352,13676,0,0,0,0,0,0,-545,1432,3805,0,0,0,0,0,0
1,1,612,4,4,205026000,0,0,24603120,20502600,8201040,4100520,0,0,0,0,0,0,2241063,656903,0,0,0,0,0,0,110000
1,1,612,4,5,55105200,0,0,6612624,5510520,2204208,1102104,0,0,0,0,0,0,1032087,0,861777,0,0,0,0,0,0
1,1,612,4,6,192724600,0,0,23126952,19272460,7708984,3854492,0,0,0,0,0,0,4707480,1224288,0,0,0,0,0,0,0
1,1,612,5,1,689000,0,0,20670,68900,27560,13780,0,0,0,0,0,0,-4630,230,0,0,0,0,0,0,0
1,1,612,5,2,847400,0,0,25422,84740,33896,16948,0,0,0,0,0,0,-4405,6532,1511,0,0,0,0,0,0
1,1,612,5,4,215111100,0,0,25813332,21511110,8604444,4302222,30624000,2976000,0,0,0,0,505579,0,6413,0,0,0,0,0,0
1,1,612,5,5,58004000,0,0,6960480,5800400,2320160,1160080,0,0,0,0,0,0,1140260,0,6380,0,0,0,0,0,0
1,1,612,5,6,192498300,0,0,23099796,19249830,7699932,3849966,0,0,0,0,0,0,-5679158,0,300974,0,0,0,0,0,0
1,1,612,6,1,537500,0,0,16125,53750,21500,10750,0,0,0,0,0,0,-23519,2266,0,0,0,0,0,0,0
1,1,612,6,2,1065700,0,0,31971,106570,42628,21314,0,0,0,0,0,0,-56875,1720,1562,0,0,0,0,0,0
1,1,612,6,4,212009700,0,0,25441164,21200970,8480388,4240194,0,0,0,0,0,0,3987012,794108,0,0,0,0,0,0,0
1,1,612,6,5,60105800,0,0,7212696,6010580,2404232,1202116,0,0,0,0,0,0,2918613,0,411563,0,0,0,0,0,0
1,1,612,6,6,196048600,0,0,23525832,19604860,7841944,3920972,0,0,0,0,0,0,3035539,127147,0,0,0,0,0,0,0
1,1,612,7,1,643600,0,0,19308,64360,25744,12872,0,0,0,0,0,0,51831,0,10785,0,0,0,0,0,0
1,1,612,7,2,723400,0,0,21702,72340,28936,14468,0,0,0,0,0,0,-24409,8199,4042,0,0,0,0,0,0
1,1,612,7,4,215726500,0,0,25887180,21572650,8629060,4314530,0,0,0,0,0,0,3235664,1204024,0,0,0,0,0,0,0
1,1,612,7,5,51800400,0,0,6216048,5180040,2072016,1036008,0,0,0,0,0,0,2829264,0,425954,0,0,0,0,0,0
1,1,612,7,6,199246100,0,0,23909532,19924610,7969844,3984922,0,0,0,0,0,0,-3874851,810717,0,0,0,0,0,0,20000
1,1,612,8,1,770500,0,0,23115,77050,30820,15410,0,0,0,0,0,0,15408,0,2817,0,0,0,0,0,0
1,1,612,8,2,528700,0,0,15861,52870,21148,10574,0,0,0,0,0,0,-8853,10007,607,0,0,0,0,0,0
1,1,612,8,4,255588900,0,0,30670668,25558890,10223556,5111778,0,0,0,0,0,0,3852164,202736,0,0,0,0,0,0,35000
1,1,612,8,5,56947200,0,0,6833664,5694720,2277888,1138944,0,0,0,0,0,0,330255,0,200729,0,0,0,0,0,10000
1,1,612,8,6,253717800,0,0,30446136,25371780,10148712,5074356,0,0,0,0,0,0,1921469,381823,0,0,0,0,0,0,21000
1,1,612,9,1,641600,0,0,19248,64160,25664,12832,0,0,0,0,0,0,41664,10428,0,0,0,0,0,0,0
1,1,612,9,2,726400,0,0,21792,72640,29056,14528,0,0,0,0,0,0,-4479,9823,206,0,0,0,0,0,0
1,1,612,9,4,266756100,0,0,32010732,26675610,10670244,5335122,0,0,0,0,0,0,2630695,0,1190887,0,0,0,0,0,0
1,1,612,9,5,69907900,0,0,8388948,6990790,2796316,1398158,0,0,0,0,0,0,-131782,586730,0,0,0,0,0,0,0
1,1,612,9,6,253092200,0,0,30371064,25309220,10123688,5061844,0,0,0,0,0,0,3831245,0,1064219,0,0,0,0,0,200000
1,1,612,10,1,882800,0,0,26484,88280,35312,17656,0,0,0,0,0,0,-19235,0,9263,0,0,0,0,0,0
1,1,612,10,2,801600,0,0,24048,80160,32064,16032,0,0,0,0,0,0,15369,0,3727,0,0,0,0,0,0
1,1,612,10,4,283398900,0,0,34007868,28339890,11335956,5667978,0,0,0,0,0,0,6458763,406755,0,0,0,0,0,0,0
1,1,612,10,5,78258400,0,0,9391008,7825840,3130336,1565168,0,0,0,0,0,0,-1069654,0,114142,0,0,0,0,0,0
1,1,612,10,6,265358900,0,0,31843068,26535890,10614356,5307178,0,0,0,0,0,0,12100260,76552,0,0,0,0,0,0,43000
1,1,612,11,1,527700,0,0,15831,52770,21108,10554,0,0,0,0,0,0,-25821,0,10298,0,0,0,0,0,0
1,1,612,11,2,780400,0,0,23412,78040,31216,15608,0,0,0,0,0,0,-24987,0,8451,0,0,0,0,0,0
1,1,612,11,4,302962200,0,0,36355464,30296220,12118488,6059244,0,0,0,0,0,0,-3959711,1116805,0,0,0,0,0,0,0
1,1,612,11,5,67384900,0,0,8086188,6738490,2695396,1347698,0,0,0,0,0,0,-2585611,349641,0,0,0,0,0,0,0
1,1,612,11,6,291467100,0,0,34976052,29146710,11658684,5829342,0,0,0,0,0,0,-4418468,3197040,0,0,0,0,0,0,0
1,1,612,12,1,685100,0,0,20553,68510,27404,13702,0,0,0,0,0,0,-24538,0,7909,0,0,0,0,0,0
1,1,612,12,2,763500,0,0,22905,76350,30540,15270,0,0,0,0,0,0,-79599,342,3816,0,0,0,0,0,0
1,1,612,12,4,264796900,0,0,31775628,26479690,10591876,5295938,0,0,0,0,0,0,-4261034,0,278402,0,0,0,0,0,2000
1,1,612,12,5,52426000,0,0,6291120,5242600,2097040,1048520,0,0,0,0,0,0,-1119161,29099,0,0,0,0,0,0,0
1,1,612,12,6,325678600,0,0,39081432,32567860,13027144,6513572,0,0,0,0,0,0,-4890323,262685,0,0,0,0,0,0,40000
1,1,612,13,1,757800,0,0,22734,75780,30312,15156,0,0,0,0,0,0,-3884,7858,0,0,0,0,0,0,0
1,1,612,13,2,681100,0,0,20433,68110,27244,13622,0,0,0,0,0,0,43109,0,9522,0,0,0,0,0,0
1,1,612,13,4,350896200,0,0,42107544,35089620,14035848,7017924,0,0,0,0,0,0,1578201,0,917503,0,0,0,0,0,50000
1,1,612,13,5,80379000,0,0,9645480,8037900,3215160,1607580,0,0,0,0,0,0,130371,624331,0,0,0,0,0,0,6000
1,1,612,13,6,351126500,0,0,42135180,35112650,14045060,7022530,0,0,0,0,0,0,-2797842,61638,0,0,0,0,0,0,100000
1,1,612,14,1,521700,0,0,15651,52170,20868,10434,0,0,0,0,0,0,-14509,0,7976,0,0,0,0,0,0
1,1,612,14,2,1649500,0,0,49485,164950,65980,32990,0,0,0,0,0,0,2744,174274,6185,0,0,0,0,0,0
1,1,612,14,4,293453700,0,0,35214444,29345370,11738148,5869074,0,0,0,0,0,0,-16705836,890910,0,0,0,0,0,0,90300
1,1,612,14,5,53440000,0,0,6412800,5344000,2137600,1068800,0,0,0,0,0,0,-2367982,805618,0,0,0,0,0,0,0
1,1,612,14,6,482534900,0,0,57904188,48253490,19301396,9650698,0,0,0,0,0,0,-5786739,0,325787,0,0,0,0,0,130700
2,1,612,1,1,75300,0,0,2259,7530,3012,1506,0,0,0,0,0,0,-148193,0,386,0,0,0,0,0,0
2,1,612,1,2,123200,0,0,3696,12320,4928,2464,0,0,0,0,0,0,47773,781,0,0,0,0,0,0,0
2,1,612,1,4,28280700,0,0,3393684,2828070,1131228,565614,0,0,0,0,0,0,3124036,0,32138,0,0,0,0,0,0
2,1,612,1,5,5453300,0,0,654396,545330,218132,109066,0,0,0,0,0,0,2257040,7204,0,0,0,0,0,0,0
2,1,612,1,6,28066600,0,0,3367992,2806660,1122664,561332,0,0,0,0,0,0,-2288209,0,444221,0,0,0,0,0,0
2,1,612,2,1,117500,0,0,3525,11750,4700,2350,0,0,0,0,0,0,1616,941,0,0,0,0,0,0,0
2,1,612,2,2,116300,0,0,3489,11630,4652,2326,0,0,0,0,0,0,-14649,358,3310,0,0,0,0,0,0
2,1,612,2,4,39962100,0,0,4795452,3996210,1598484,799242,0,0,0,0,0,0,-8300932,51356,0,0,0,0,0,0,0
2,1,612,2,5,8064600,0,0,967752,806460,322584,161292,0,0,0,0,0,0,-1685155,0,85267,0,0,0,0,0,0
2,1,612,2,6,28087400,0,0,3370488,2808740,1123496,561748,0,0,0,0,0,0,7651025,33977,0,0,0,0,0,0,0
2,1,612,3,1,24200,0,0,726,2420,968,484,0,0,0,0,0,0,9180,0,422,0,0,0,0,0,0
2,1,612,3,2,140000,0,0,4200,14000,5600,2800,0,0,0,0,0,0,-9973,12837,0,0,0,0,0,0,0
2,1,612,3,4,26382900,0,0,3165948,2638290,1055316,527658,0,0,0,0,0,0,555636,280198,0,0,0,0,0,0,0
2,1,612,3,5,4963800,0,0,595656,496380,198552,99276,0,0,0,0,0,0,718075,0,20231,0,0,0,0,0,0
2,1,612,3,6,37441800,0,0,4493016,3744180,1497672,748836,0,0,0,0,0,0,3695755,99109,0,0,0,0,0,0,0
2,1,612,4,1,67200,0,0,2016,6720,2688,1344,0,0,0,0,0,0,-36361,0,793,0,0,0,0,0,0
2,1,612,4,2,51300,0,0,1539,5130,2052,1026,0,0,0,0,0,0,-8767,231,101,0,0,0,0,0,0
2,1,612,4,4,35184800,0,0,4222176,3518480,1407392,703696,0,0,0,0,0,0,-408818,116316,0,0,0,0,0,0,0
2,1,612,4,5,9196700,0,0,1103604,919670,367868,183934,0,0,0,0,0,0,-824662,0,166056,0,0,0,0,0,0
2,1,612,4,6,31345400,0,0,3761448,3134540,1253816,626908,0,0,0,0,0,0,-2804307,231725,0,0,0,0,0,0,0
2,1,612,5,1,43700,0,0,1311,4370,1748,874,0,0,0,0,0,0,20113,6,0,0,0,0,0,0,0
2,1,612,5,2,57200,0,0,1716,5720,2288,1144,0,0,0,0,0,0,8616,201,117,0,0,0,0,0,0
2,1,612,5,4,36743500,0,0,4409220,3674350,1469740,734870,5981250,581250,0,0,0,0,-3695932,0,1252,0,0,0,0,0,0
2,1,612,5,5,8333900,0,0,1000068,833390,333356,166678,0,0,0,0,0,0,-426531,0,1009,0,0,0,0,0,0
2,1,612,5,6,35903800,0,0,4308456,3590380,1436152,718076,0,0,0,0,0,0,1385220,0,51036,0,0,0,0,0,0
2,1,612,6,1,39400,0,0,1182,3940,1576,788,0,0,0,0,0,0,31914,0,0,0,0,0,0,0,0
2,1,612,6,2,144800,0,0,4344,14480,5792,2896,0,0,0,0,0,0,37143,119,164,0,0,0,0,0,0
2,1,612,6,4,30630700,0,0,3675684,3063070,1225228,612614,0,0,0,0,0,0,-3765096,137920,0,0,0,0,0,0,0
2,1,612,6,5,9448900,0,0,1133868,944890,377956,188978,0,0,0,0,0,0,-3277190,0,102798,0,0,0,0,0,0
2,1,612,6,6,28582200,0,0,3429864,2858220,1143288,571644,0,0,0,0,0,0,-1156468,20008,0,0,0,0,0,0,0
2,1,612,7,1,108600,0,0,3258,10860,4344,2172,0,0,0,0,0,0,-17967,0,2433,0,0,0,0,0,0
2,1,612,7,2,69100,0,0,2073,6910,2764,1382,0,0,0,0,0,0,8554,545,362,0,0,0,0,0,0
2,1,612,7,4,36132200,0,0,4335864,3613220,1445288,722644,0,0,0,0,0,0,-2896870,228886,0,0,0,0,0,0,0
2,1,612,7,5,10073600,0,0,1208832,1007360,402944,201472,0,0,0,0,0,0,-1662164,0,110176,0,0,0,0,0,0
2,1,612,7,6,32412000,0,0,3889440,3241200,1296480,648240,0,0,0,0,0,0,899742,123462,0,0,0,0,0,0,0
2,1,612,13,1,54900,0,0,1647,5490,2196,1098,0,0,0,0,0,0,3391,522,0,0,0,0,0,0,0
2,1,612,13,2,533000,0,0,15990,53300,21320,10660,0,0,0,0,0,0,-99854,0,1984,0,0,0,0,0,0
2,1,612,13,4,53503300,0,0,6420396,5350330,2140132,1070066,0,0,0,0,0,0,-2740364,0,150790,0,0,0,0,0,0
2,1,612,13,5,11647900,0,0,1397748,1164790,465916,232958,0,0,0,0,0,0,-623652,97420,0,0,0,0,0,0,0
2,1,612,13,6,51566300,0,0,6187956,5156630,2062652,1031326,0,0,0,0,0,0,-3819770,9874,0,0,0,0,0,0,0
2,1,612,14,1,18300,0,0,549,1830,732,366,0,0,0,0,0,0,8997,0,106,0,0,0,0,0,0
2,1,612,14,2,158200,0,0,4746,15820,6328,3164,0,0,0,0,0,0,63116,181,727,0,0,0,0,0,0
2,1,612,14,4,43384100,0,0,5206092,4338410,1735364,867682,0,0,0,0,0,0,9771698,83876,0,0,0,0,0,0,0
2,1,612,14,5,6746700,0,0,809604,674670,269868,134934,0,0,0,0,0,0,2896700,38676,0,0,0,0,0,0,0
2,1,612,14,6,64611000,0,0,7753320,6461100,2584440,1292220,0,0,0,0,0,0,10085675,0,33605,0,0,0,0,0,0
4,1,612,1,1,28300,0,0,849,2830,1132,566,0,0,0,0,0,0,13907,0,16,0,0,0,0,0,0
4,1,612,1,2,38400,0,0,1152,3840,1536,768,0,0,0,0,0,0,-2518,378,0,0,0,0,0,0,0
4,1,612,1,4,16435900,0,0,1972308,1643590,657436,328718,0,0,0,0,0,0,1397341,0,19457,0,0,0,0,0,0
4,1,612,1,5,4545700,0,0,545484,454570,181828,90914,0,0,0,0,0,0,-1018077,18519,0,0,0,0,0,0,0
4,1,612,1,6,19818500,0,0,2378220,1981850,792740,396370,0,0,0,0,0,0,-3074296,0,342476,0,0,0,0,0,0
4,1,612,2,1,46600,0,0,1398,4660,1864,932,0,0,0,0,0,0,3797,341,0,0,0,0,0,0,0
4,1,612,2,2,50200,0,0,1506,5020,2008,1004,0,0,0,0,0,0,2046,42,1458,0,0,0,0,0,0
4,1,612,2,4,22001700,0,0,2640204,2200170,880068,440034,0,0,0,0,0,0,7240138,11914,0,0,0,0,0,0,0
4,1,612,2,5,4866500,0,0,583980,486650,194660,97330,0,0,0,0,0,0,60368,0,39192,0,0,0,0,0,0
4,1,612,2,6,20953400,0,0,2514408,2095340,838136,419068,0,0,0,0,0,0,-1934251,46001,0,0,0,0,0,0,0
4,1,612,3,1,28400,0,0,852,2840,1136,568,0,0,0,0,0,0,6329,0,675,0,0,0,0,0,0
4,1,612,3,2,71200,0,0,2136,7120,2848,1424,0,0,0,0,0,0,10875,1633,0,0,0,0,0,0,0
4,1,612,3,4,15063500,0,0,1807620,1506350,602540,301270,0,0,0,0,0,0,-31993,165287,0,0,0,0,0,0,0
4,1,612,3,5,3106400,0,0,372768,310640,124256,62128,0,0,0,0,0,0,234777,0,14181,0,0,0,0,0,0
4,1,612,3,6,26080300,0,0,3129636,2608030,1043212,521606,0,0,0,0,0,0,-2522584,90750,0,0,0,0,0,0,0
4,1,612,4,1,35100,0,0,1053,3510,1404,702,0,0,0,0,0,0,-9096,0,327,0,0,0,0,0,0
4,1,612,4,2,61300,0,0,1839,6130,2452,1226,0,0,0,0,0,0,9312,95,296,0,0,0,0,0,0
4,1,612,4,4,22336800,0,0,2680416,2233680,893472,446736,0,0,0,0,0,0,-1832245,80949,0,0,0,0,0,0,0
4,1,612,4,5,5137600,0,0,616512,513760,205504,102752,0,0,0,0,0,0,-207425,0,87117,0,0,0,0,0,0
4,1,612,4,6,25159400,0,0,3019128,2515940,1006376,503188,0,0,0,0,0,0,-1903173,182819,0,0,0,0,0,0,0
4,1,612,5,1,49500,0,0,1485,4950,1980,990,0,0,0,0,0,0,-15483,22,0,0,0,0,0,0,0
4,1,612,5,2,32800,0,0,984,3280,1312,656,0,0,0,0,0,0,-4211,500,19,0,0,0,0,0,0
4,1,612,5,4,21807100,0,0,2616852,2180710,872284,436142,2481820,241180,0,0,0,0,3190353,0,519,0,0,0,0,0,0
4,1,612,5,5,5263900,0,0,631668,526390,210556,105278,0,0,0,0,0,0,-713729,0,707,0,0,0,0,0,0
4,1,612,5,6,26048700,0,0,3125844,2604870,1041948,520974,0,0,0,0,0,0,4293938,0,30166,0,0,0,0,0,0
4,1,612,6,1,51000,0,0,1530,5100,2040,1020,0,0,0,0,0,0,-8395,245,0,0,0,0,0,0,0
4,1,612,6,2,43800,0,0,1314,4380,1752,876,0,0,0,0,0,0,19732,30,26,0,0,0,0,0,0
4,1,612,6,4,24595200,0,0,2951424,2459520,983808,491904,0,0,0,0,0,0,-221916,95780,0,0,0,0,0,0,0
4,1,612,6,5,5831300,0,0,699756,583130,233252,116626,0,0,0,0,0,0,358577,0,39159,0,0,0,0,0,0
4,1,612,6,6,26176500,0,0,3141180,2617650,1047060,523530,0,0,0,0,0,0,-1879071,19079,0,0,0,0,0,0,0
4,1,612,7,1,135600,0,0,4068,13560,5424,2712,0,0,0,0,0,0,-33864,0,3300,0,0,0,0,0,0
4,1,612,7,2,42300,0,0,1269,4230,1692,846,0,0,0,0,0,0,15855,22,240,0,0,0,0,0,0
4,1,612,7,4,24284600,0,0,2914152,2428460,971384,485692,0,0,0,0,0,0,-338794,141104,0,0,0,0,0,0,0
4,1,612,7,5,4893100,0,0,587172,489310,195724,97862,0,0,0,0,0,0,-1167100,0,57962,0,0,0,0,0,0
4,1,612,7,6,26387300,0,0,3166476,2638730,1055492,527746,0,0,0,0,0,0,2975109,88173,0,0,0,0,0,0,0
4,1,612,8,1,58000,0,0,1740,5800,2320,1160,0,0,0,0,0,0,-15408,0,288,0,0,0,0,0,0
4,1,612,8,2,29900,0,0,897,2990,1196,598,0,0,0,0,0,0,8853,260,26,0,0,0,0,0,0
4,1,612,8,4,23286800,0,0,2794416,2328680,931472,465736,0,0,0,0,0,0,-3852164,23200,0,0,0,0,0,0,0
4,1,612,8,5,5296800,0,0,635616,529680,211872,105936,0,0,0,0,0,0,-330255,0,20451,0,0,0,0,0,0
4,1,612,8,6,27285700,0,0,3274284,2728570,1091428,545714,0,0,0,0,0,0,-1921469,45557,0,0,0,0,0,0,0
4,1,612,9,1,80500,0,0,2415,8050,3220,1610,0,0,0,0,0,0,-41664,2331,0,0,0,0,0,0,0
4,1,612,9,2,32800,0,0,984,3280,1312,656,0,0,0,0,0,0,4479,221,10,0,0,0,0,0,0
4,1,612,9,4,25789800,0,0,3094776,2578980,1031592,515796,0,0,0,0,0,0,-2630695,0,133271,0,0,0,0,0,0
4,1,612,9,5,5865300,0,0,703836,586530,234612,117306,0,0,0,0,0,0,131782,47566,0,0,0,0,0,0,0
4,1,612,9,6,30883500,0,0,3706020,3088350,1235340,617670,0,0,0,0,0,0,-3831245,0,155505,0,0,0,0,0,0
4,1,612,10,1,38000,0,0,1140,3800,1520,760,0,0,0,0,0,0,19235,0,145,0,0,0,0,0,0
4,1,612,10,2,98000,0,0,2940,9800,3920,1960,0,0,0,0,0,0,-15369,0,1049,0,0,0,0,0,0
4,1,612,10,4,28771800,0,0,3452616,2877180,1150872,575436,0,0,0,0,0,0,-6458763,55941,0,0,0,0,0,0,0
4,1,612,10,5,6953500,0,0,834420,695350,278140,139070,0,0,0,0,0,0,1069654,0,7826,0,0,0,0,0,0
4,1,612,10,6,30767900,0,0,3692148,3076790,1230716,615358,0,0,0,0,0,0,-12100260,14652,0,0,0,0,0,0,0
4,1,612,11,1,115000,0,0,3450,11500,4600,2300,0,0,0,0,0,0,25821,0,1529,0,0,0,0,0,0
4,1,612,11,2,88100,0,0,2643,8810,3524,1762,0,0,0,0,0,0,24987,0,204,0,0,0,0,0,0
4,1,612,11,4,28164600,0,0,3379752,2816460,1126584,563292,0,0,0,0,0,0,3959711,82059,0,0,0,0,0,0,0
4,1,612,11,5,6242900,0,0,749148,624290,249716,124858,0,0,0,0,0,0,2585611,13063,0,0,0,0,0,0,0
4,1,612,11,6,31985700,0,0,3838284,3198570,1279428,639714,0,0,0,0,0,0,4418468,277684,0,0,0,0,0,0,0
4,1,612,12,1,35800,0,0,1074,3580,1432,716,0,0,0,0,0,0,24538,0,60,0,0,0,0,0,0
4,1,612,12,2,232100,0,0,6963,23210,9284,4642,0,0,0,0,0,0,79599,0,1402,0,0,0,0,0,0
4,1,612,12,4,25869600,0,0,3104352,2586960,1034784,517392,0,0,0,0,0,0,4261034,0,20518,0,0,0,0,0,0
4,1,612,12,5,4702700,0,0,564324,470270,188108,94054,0,0,0,0,0,0,1119161,1697,0,0,0,0,0,0,0
4,1,612,12,6,34553000,0,0,4146360,3455300,1382120,691060,0,0,0,0,0,0,4890323,21933,0,0,0,0,0,0,0
4,1,612,13,1,64000,0,0,1920,6400,2560,1280,0,0,0,0,0,0,493,653,0,0,0,0,0,0,0
4,1,612,13,2,212400,0,0,6372,21240,8496,4248,0,0,0,0,0,0,56745,0,2099,0,0,0,0,0,0
4,1,612,13,4,36054000,0,0,4326480,3605400,1442160,721080,0,0,0,0,0,0,1162163,0,90617,0,0,0,0,0,0
4,1,612,13,5,7822800,0,0,938736,782280,312912,156456,0,0,0,0,0,0,493281,55565,0,0,0,0,0,0,0
4,1,612,13,6,39582800,0,0,4749936,3958280,1583312,791656,0,0,0,0,0,0,6617612,5276,0,0,0,0,0,0,0
4,1,612,14,1,98100,0,0,2943,9810,3924,1962,0,0,0,0,0,0,5512,0,1349,0,0,0,0,0,0
4,1,612,14,2,340000,0,0,10200,34000,13600,6800,0,0,0,0,0,0,-65860,18127,2937,0,0,0,0,0,0
4,1,612,14,4,24121000,0,0,2894520,2412100,964840,482420,0,0,0,0,0,0,6934138,40768,0,0,0,0,0,0,0
4,1,612,14,5,3618700,0,0,434244,361870,144748,72374,0,0,0,0,0,0,-528718,61818,0,0,0,0,0,0,0
4,1,612,14,6,53147700,0,0,6377724,5314770,2125908,1062954,0,0,0,0,0,0,-4298936,0,39260,0,0,0,0,0,0
1,2,613,1,1,435200,0,0,13056,43520,17408,8704,0,0,0,0,0,0,-61544,0,1336,0,0,0,0,0,0
1,2,613,1,2,689000,0,0,20670,68900,27560,13780,0,0,0,0,0,0,7031,13421,0,0,0,0,0,0,0
1,2,613,1,4,77485600,0,0,9298272,7748560,3099424,1549712,0,0,0,0,0,0,1330980,1000428,0,0,0,0,0,0,0
1,2,613,1,5,17934300,0,0,2152116,1793430,717372,358686,0,0,0,0,0,0,381558,191642,0,0,0,0,0,0,0
1,2,613,1,6,71712400,0,0,8605488,7171240,2868496,1434248,0,0,0,0,0,0,3027848,470710,0,0,0,0,0,0,0
1,2,613,2,1,542700,0,0,16281,54270,21708,10854,0,0,0,0,0,0,7275,8328,0,0,0,0,0,0,0
1,2,613,2,2,475100,0,0,14253,47510,19004,9502,0,0,0,0,0,0,-85108,39501,0,0,0,0,0,0,0
1,2,613,2,4,85775200,0,0,10293024,8577520,3431008,1715504,0,0,0,0,0,0,-7828784,284072,0,0,0,0,0,0,0
1,2,613,2,5,27703300,0,0,3324396,2770330,1108132,554066,0,0,0,0,0,0,1034364,0,22212,0,0,0,0,0,0
1,2,613,2,6,108557100,0,0,13026852,10855710,4342284,2171142,0,0,0,0,0,0,-595424,0,278976,0,0,0,0,0,0
1,2,613,3,1,801700,0,0,24051,80170,32068,16034,0,0,0,0,0,0,-78384,0,7611,0,0,0,0,0,0
1,2,613,3,2,568700,0,0,17061,56870,22748,11374,0,0,0,0,0,0,-56867,0,1944,0,0,0,0,0,0
1,2,613,3,4,127394800,0,0,15287376,12739480,5095792,2547896,0,0,0,0,0,0,-2471637,0,107173,0,0,0,0,0,0
1,2,613,3,5,32191700,0,0,3863004,3219170,1287668,643834,0,0,0,0,0,0,-2157629,0,91493,0,0,0,0,0,0
1,2,613,3,6,131118200,0,0,15734184,13111820,5244728,2622364,0,0,0,0,0,0,262501,528897,0,0,0,0,0,0,0
1,2,613,4,1,691600,0,0,20748,69160,27664,13832,0,0,0,0,0,0,-32533,0,9849,0,0,0,0,0,0
1,2,613,4,2,501700,0,0,15051,50170,20068,10034,0,0,0,0,0,0,39166,0,8891,0,0,0,0,0,0
1,2,613,4,4,154512100,0,0,18541452,15451210,6180484,3090242,0,0,0,0,0,0,2856315,0,945387,0,0,0,0,0,0
1,2,613,4,5,44377500,0,0,5325300,4437750,1775100,887550,0,0,0,0,0,0,1158750,811430,0,0,0,0,0,0,0
1,2,613,4,6,128787100,0,0,15454452,12878710,5151484,2575742,0,0,0,0,0,0,5209536,0,35556,0,0,0,0,0,0
