1,3,611,16,2,007529,007541,5801-D313-8617,36630,300,7260,720,28650
1,3,611,27,8,008742,008742,E607-16EF-8617,1221000,10000,242000,24000,955000
1,3,611,23,1,008309,008308,E80A-39B1-8617,610500,5000,121000,12000,477500
1,1,612,6,4,008884,320001,0E18-AC05-8618,160800,1000,31900,3100,125800
1,1,612,6,4,008884,320001,F618-F155-8618,160800,1000,31900,3100,125800
1,1,612,6,4,008884,320001,FA19-0D55-8618,160800,1000,31900,3100,125800
1,1,612,6,4,008884,310001,AC19-4299-8618,48240,300,9570,930,37740
1,1,612,13,5,007334,007335,5819-3D33-8618,804000,5000,159500,15500,629000
1,1,612,27,2,009807,009808,7A17-D2CD-8618,80400,500,15950,1550,62900
1,1,612,25,4,008542,008545,4E19-7941-8618,804000,5000,159500,15500,629000
1,1,612,21,3,008164,008164,BE18-CCB7-8618,80400,500,15950,1550,62900
1,1,612,21,6,008199,008166,2019-1601-8618,804000,5000,159500,15500,629000
1,1,612,23,1,008323,008321,3C19-6CA5-8618,1608000,10000,319000,31000,1258000
1,1,612,26,4,008635,008634,4C1A-284B-8618,160800,1000,31900,3100,125800
1,1,612,24,4,008435,008434,D61B-3155-8618,321600,2000,63800,6200,251600
1,1,612,27,9,008755,008756,D619-700B-8618,482400,3000,95700,9300,377400
1,1,612,15,1,007405,007401,1E19-B55F-8618,321600,2000,63800,6200,251600
1,1,612,1,7,002415,002413,B01A-AFDD-8618,321600,2000,63800,6200,251600
1,1,612,15,1,007406,007404,0C1A-E6D1-8618,321600,2000,63800,6200,251600
1,1,612,28,1,008811,008809,901A-1141-8618,160800,1000,31900,3100,125800
1,1,612,15,1,007407,007406,FE1A-8CD7-8618,160800,1000,31900,3100,125800
1,1,612,3,3,004310,004312,1C18-A94B-8618,321600,2000,63800,6200,251600
1,1,612,23,2,008333,008333,861A-ACEF-8618,402000,2500,79750,7750,314500
1,1,612,21,3,008167,008165,AE1B-0377-8618,1608000,10000,319000,31000,1258000
1,1,612,25,4,008545,008545,621B-1D33-8618,482400,3000,95700,9300,377400
1,1,612,18,2,007824,007823,221B-3E6D-8618,804000,5000,159500,15500,629000
1,1,612,11,1,007105,007102,E61B-23F1-8618,1608000,10000,319000,31000,1258000
1,1,612,18,2,007819,007817,0C19-B4CD-8618,321600,2000,63800,6200,251600
1,1,612,17,1,007701,007701,2619-D3C1-8618,482400,3000,95700,9300,377400
1,1,612,21,4,008171,009532,B019-0833-8618,64320,400,12760,1240,50320
1,1,612,23,1,008322,008311,DE1B-6231-8618,804000,5000,159500,15500,629000
1,1,612,1,3,002214,002214,721B-879D-8618,804000,5000,159500,15500,629000
1,1,612,1,5,002307,002308,C818-C8D1-8618,804000,5000,159500,15500,629000
1,1,612,21,4,008171,009530,BC18-B36F-8618,160800,1000,31900,3100,125800
1,1,612,15,2,007422,007422,A819-9B37-8618,160800,1000,31900,3100,125800
1,1,612,8,7,004118,004119,CC1B-7311-8618,160800,1000,31900,3100,125800
1,1,612,19,3,007933,007932,A219-BE2F-8618,241200,1500,47850,4650,188700
1,1,612,14,1,007605,007606,6819-FE33-8618,160800,1000,31900,3100,125800
1,1,612,19,2,007923,007923,A618-F3AF-8618,160800,1000,31900,3100,125800
1,1,612,16,1,007519,007519,C61B-4177-8618,80400,500,15950,1550,62900
1,1,612,21,6,008195,008196,A81A-6A6F-8618,48240,300,9570,930,37740
1,1,612,13,5,007335,007335,2C1A-F983-8618,321600,2000,63800,6200,251600
1,1,612,27,10,008775,008775,A419-66B5-8618,1608000,10000,319000,31000,1258000
1,1,612,21,5,009538,009537,481A-0DE5-8618,1608000,10000,319000,31000,1258000
1,1,612,22,5,008254,008254,DA19-9F9F-8618,3216000,20000,638000,62000,2516000
1,1,612,27,12,008791,008792,B01A-BE09-8618,160800,1000,31900,3100,125800
1,1,612,1,2,002122,002124,6E19-3D83-8618,160800,1000,31900,3100,125800
1,1,612,27,1,008717,008713,C619-9D67-8618,482400,3000,95700,9300,377400
1,1,612,27,3,008706,008703,2C19-5E2F-8618,482400,3000,95700,9300,377400
1,1,612,11,2,007129,007128,221A-908F-8618,160800,1000,31900,3100,125800
1,1,612,11,2,007124,007132,801A-CD47-8618,643200,4000,127600,12400,503200
1,1,612,16,3,007551,007551,6618-E9E9-8618,804000,5000,159500,15500,629000
1,1,612,27,9,008756,008742,3619-B675-8618,321600,2000,63800,6200,251600
1,1,612,27,1,008716,008717,0A1B-80CD-8618,482400,3000,95700,9300,377400
1,1,612,8,11,005103,005101,3A19-487B-8618,4020000,25000,797500,77500,3145000
1,1,612,14,3,007638,007636,B418-CBF1-8618,1608000,10000,319000,31000,1258000
1,1,612,12,1,007204,007206,621B-6891-8618,482400,3000,95700,9300,377400
1,1,612,24,5,008448,008448,D21B-036B-8618,1608000,10000,319000,31000,1258000
1,1,612,27,8,008742,008745,821A-11D3-8618,482400,3000,95700,9300,377400
1,1,612,27,12,008792,008797,8A18-86EF-8618,241200,1500,47850,4650,188700
1,1,612,25,2,008523,008522,6C19-6A19-8618,32160,200,6380,620,25160
1,1,612,16,3,007555,007554,E01B-713B-8618,804000,5000,159500,15500,629000
1,1,612,26,4,008636,008634,A419-9BBB-8618,3216000,20000,638000,62000,2516000
1,1,612,20,1,008041,008043,D81A-2FF7-8618,321600,2000,63800,6200,251600
1,1,612,20,1,008045,008046,7C18-7101-8618,160800,1000,31900,3100,125800
1,1,612,18,2,007820,007820,0819-49CB-8618,160800,1000,31900,3100,125800
1,1,612,13,4,007323,007335,C61A-5337-8618,1608000,10000,319000,31000,1258000
1,1,612,18,3,007836,007812,B018-E09F-8618,321600,2000,63800,6200,251600
1,1,612,15,2,007421,007430,8E19-0969-8618,32160,200,6380,620,25160
1,1,612,21,1,009509,009508,0619-D56F-8618,80400,500,15950,1550,62900
1,1,612,20,5,008006,008007,F619-5345-8618,160800,1000,31900,3100,125800
1,1,612,17,1,007732,007731,D018-9AB3-8618,482400,3000,95700,9300,377400
1,1,612,25,2,008524,008523,221A-718D-8618,804000,5000,159500,15500,629000
1,1,612,3,1,004106,004107,3619-B0CD-8618,482400,3000,95700,9300,377400
1,1,612,14,3,007638,007638,901A-1201-8618,1608000,10000,319000,31000,1258000
1,1,612,18,1,007807,007808,3819-AFC3-8618,643200,4000,127600,12400,503200
1,1,612,18,1,007809,007834,4A19-21DD-8618,482400,3000,95700,9300,377400
1,1,612,25,4,008544,008546,121A-C38D-8618,482400,3000,95700,9300,377400
1,1,612,27,8,008741,008741,F41A-E7AB-8618,160800,1000,31900,3100,125800
1,1,612,20,3,008024,008025,CE18-F16D-8618,80400,500,15950,1550,62900
1,1,612,27,10,008771,008772,C01B-739D-8618,80400,500,15950,1550,62900
1,1,612,14,3,007636,007637,C019-AE39-8618,482400,3000,95700,9300,377400
1,1,612,16,3,007554,007556,5A1A-1E67-8618,804000,5000,159500,15500,629000
1,1,612,1,5,002308,002231,4419-A5E9-8618,241200,1500,47850,4650,188700
1,1,612,21,4,009531,009532,6819-CEE9-8618,160800,1000,31900,3100,125800
1,1,612,12,3,007253,007255,041A-E6F9-8618,321600,2000,63800,6200,251600
1,1,612,20,3,008027,008033,1C19-5947-8618,160800,1000,31900,3100,125800
1,1,612,12,1,007202,007202,861B-3383-8618,32160,200,6380,620,25160
1,1,612,27,12,008793,008787,9A1B-654B-8618,402000,2500,79750,7750,314500
1,1,612,12,1,009053,009054,DE19-DA11-8618,80400,500,15950,1550,62900
1,1,612,19,2,007922,007924,AC18-B4F7-8618,48240,300,9570,930,37740
1,1,612,16,4,007573,007576,DE19-6FE3-8618,160800,1000,31900,3100,125800
1,1,612,1,7,002411,002413,4619-2111-8618,80400,500,15950,1550,62900
1,1,612,27,9,008763,008741,8618-F655-8618,1125600,7000,223300,21700,880600
1,1,612,20,4,009460,009462,1418-8F29-8618,80400,500,15950,1550,62900
1,1,612,14,4,009156,009158,0818-ED1F-8618,321600,2000,63800,6200,251600
1,1,612,17,1,007706,007707,8C1B-66FF-8618,1608000,10000,319000,31000,1258000
1,1,612,19,2,007922,007924,2818-EF15-8618,48240,300,9570,930,37740
1,1,612,17,1,007734,007735,C819-60EF-8618,804000,5000,159500,15500,629000
1,1,612,14,2,007621,007621,581B-47EF-8618,482400,3000,95700,9300,377400
1,1,612,1,5,002304,002305,EE19-27CB-8618,1608000,10000,319000,31000,1258000
1,1,612,11,2,007129,007129,721A-949D-8618,482400,3000,95700,9300,377400
1,1,612,12,3,007252,007257,181A-8045-8618,321600,2000,63800,6200,251600
1,1,612,14,1,007607,007607,201B-8129-8618,160800,1000,31900,3100,125800
1,1,612,12,3,007256,007256,5E1B-2DA1-8618,321600,2000,63800,6200,251600
1,1,612,21,1,009511,009511,2218-3E37-8618,80400,500,15950,1550,62900
1,1,612,19,3,007931,007930,CE19-0CE1-8618,160800,1000,31900,3100,125800
1,1,612,27,3,008725,008722,1A19-A2D3-8618,482400,3000,95700,9300,377400
1,1,612,18,1,007812,007811,B61A-34C3-8618,160800,1000,31900,3100,125800
1,1,612,18,3,007835,007837,D218-D5FF-8618,160800,1000,31900,3100,125800
1,1,612,12,1,007205,007202,D619-7237-8618,4824000,30000,957000,93000,3774000
1,1,612,1,2,002124,003312,5A1B-0F99-8618,32160,200,6380,620,25160
1,1,612,21,5,009540,009536,A619-4F4B-8618,1608000,10000,319000,31000,1258000
1,1,612,14,4,009154,009163,4E1A-64EF-8618,321600,2000,63800,6200,251600
1,1,612,19,2,007918,007922,E619-805F-8618,160800,1000,31900,3100,125800
1,1,612,27,3,008702,008703,A219-7407-8618,160800,1000,31900,3100,125800
1,1,612,8,7,004119,004110,FE18-B0FB-8618,80400,500,15950,1550,62900
1,1,612,18,1,007808,007812,5019-D317-8618,160800,1000,31900,3100,125800
1,1,612,24,3,009655,009655,B01A-AF1B-8618,160800,1000,31900,3100,125800
1,1,612,16,4,007577,007578,5A1A-6559-8618,321600,2000,63800,6200,251600
1,1,612,27,8,008743,008744,FA1A-413B-8618,482400,3000,95700,9300,377400
1,1,612,27,7,009838,009839,1E1A-7133-8618,160800,1000,31900,3100,125800
1,1,612,18,1,007808,007812,9619-CF77-8618,80400,500,15950,1550,62900
1,1,612,20,2,008032,008033,B01A-2757-8618,160800,1000,31900,3100,125800
1,1,612,20,3,008021,008022,8219-08E7-8618,160800,1000,31900,3100,125800
1,1,612,12,2,007219,009051,4019-EB65-8618,482400,3000,95700,9300,377400
1,1,612,1,3,002201,002201,5E1A-B013-8618,1608000,10000,319000,31000,1258000
1,1,612,28,1,008804,008804,D018-E58F-8618,80400,500,15950,1550,62900
1,1,612,19,3,007938,007933,A019-2C0D-8618,3216000,20000,638000,62000,2516000
1,1,612,1,7,002412,002411,AE1A-10FF-8618,321600,2000,63800,6200,251600
1,1,612,27,3,008704,008704,1C1A-F831-8618,160800,1000,31900,3100,125800
1,1,612,11,5,007151,009007,BC16-10F5-8618,1608000,10000,319000,31000,1258000
1,1,612,12,1,007206,007202,4C19-32B7-8618,482400,3000,95700,9300,377400
1,1,612,20,5,008006,008007,E219-ACF5-8618,80400,500,15950,1550,62900
1,1,612,18,2,007827,007828,D619-B853-8618,321600,2000,63800,6200,251600
1,1,612,12,1,007207,007213,CC1B-71F7-8618,804000,5000,159500,15500,629000
1,1,612,19,3,007932,007932,041A-2B8F-8618,80400,500,15950,1550,62900
1,1,612,16,2,007541,007543,621B-2D1D-8618,804000,5000,159500,15500,629000
1,1,612,17,1,007735,007736,6019-E0D7-8618,482400,3000,95700,9300,377400
1,1,612,19,2,007920,007925,6A18-B6CF-8618,80400,500,15950,1550,62900
1,1,612,14,3,007639,007617,EA1A-214B-8618,160800,1000,31900,3100,125800
1,1,612,14,4,009162,009160,0A1A-B385-8618,321600,2000,63800,6200,251600
1,1,612,1,8,002430,002430,2019-B543-8618,160800,1000,31900,3100,125800
1,1,612,18,2,007817,007819,AC18-A2FF-8618,643200,4000,127600,12400,503200
1,1,612,18,2,007821,007821,BE1A-798B-8618,1608000,10000,319000,31000,1258000
1,1,612,15,2,007424,007424,8A19-6467-8618,321600,2000,63800,6200,251600
1,1,612,25,7,009723,009722,501B-5AF7-8618,804000,5000,159500,15500,629000
1,1,612,20,3,008026,008027,841A-01BB-8618,160800,1000,31900,3100,125800
1,1,612,13,1,007308,007308,B41B-1091-8618,321600,2000,63800,6200,251600
1,1,612,16,2,007535,007536,101A-A24F-8618,804000,5000,159500,15500,629000
1,1,612,25,1,008511,008512,8219-644F-8618,1608000,10000,319000,31000,1258000
1,1,612,3,4,004412,004110,CA19-AF33-8618,241200,1500,47850,4650,188700
1,1,612,16,1,007521,007505,D41A-A8F1-8618,160800,1000,31900,3100,125800
1,1,612,17,2,007726,007720,6E19-A365-8618,1608000,10000,319000,31000,1258000
1,1,612,13,2,009102,009101,E61A-F5CD-8618,128640,800,25520,2480,100640
1,1,612,3,3,004310,004319,BA1B-377D-8618,160800,1000,31900,3100,125800
1,1,612,16,3,007565,007566,D019-C7C9-8618,643200,4000,127600,12400,503200
1,1,612,18,3,007838,007813,CA1A-F423-8618,1608000,10000,319000,31000,1258000
1,1,612,21,6,008192,008192,DA1B-3199-8618,804000,5000,159500,15500,629000
1,1,612,20,2,008038,008038,3619-1005-8618,160800,1000,31900,3100,125800
1,1,612,12,4,007272,007269,6C1A-B223-8618,160800,1000,31900,3100,125800
1,1,612,27,9,008757,008757,1E1A-F871-8618,1608000,10000,319000,31000,1258000
1,1,612,19,1,007901,007902,6C18-F917-8618,160800,1000,31900,3100,125800
1,1,612,12,4,007273,007270,C219-8C49-8618,48240,300,9570,930,37740
1,1,612,12,4,007276,007253,A418-BAF3-8618,482400,3000,95700,9300,377400
1,1,612,28,1,008808,008808,421B-5965-8618,321600,2000,63800,6200,251600
1,1,612,23,1,008322,008322,EA1A-6E01-8618,482400,3000,95700,9300,377400
1,1,612,21,2,008152,009517,F619-0CBB-8618,804000,5000,159500,15500,629000
1,1,612,27,3,008726,008721,1C1A-C7FF-8618,80400,500,15950,1550,62900
1,1,612,27,9,008760,008760,2A1B-8123-8618,80400,500,15950,1550,62900
1,1,612,18,2,007817,007818,C81A-A82D-8618,482400,3000,95700,9300,377400
1,1,612,24,5,008450,008450,D21A-DA01-8618,160800,1000,31900,3100,125800
1,1,612,14,2,007627,007628,0A1B-2B57-8618,402000,2500,79750,7750,314500
1,1,612,25,1,008512,008513,FE19-8DB3-8618,160800,1000,31900,3100,125800
1,1,612,28,1,008809,008810,9018-E1C3-8618,804000,5000,159500,15500,629000
1,1,612,12,1,009051,009051,2819-C73F-8618,321600,2000,63800,6200,251600
1,1,612,11,3,007131,007133,C818-981B-8618,80400,500,15950,1550,62900
1,1,612,27,4,008781,009803,6A19-C399-8618,482400,3000,95700,9300,377400
1,1,612,27,1,008716,008721,601B-856D-8618,1608000,10000,319000,31000,1258000
1,1,612,15,1,007402,007401,361A-903D-8618,160800,1000,31900,3100,125800
1,1,612,13,4,007328,009127,5019-3C3B-8618,804000,5000,159500,15500,629000
1,1,612,12,3,007253,007256,6003-50F3-8618,321600,2000,63800,6200,251600
1,1,612,17,1,007704,007711,801A-ABE9-8618,160800,1000,31900,3100,125800
1,1,612,13,5,007335,007322,B81B-375F-8618,1608000,10000,319000,31000,1258000
1,1,612,15,1,007405,007402,A21A-DCB7-8618,80400,500,15950,1550,62900
1,1,612,20,3,008021,008021,FA19-ABAF-8618,16080,100,3190,310,12580
1,1,612,27,8,008747,008746,801A-EF65-8618,160800,1000,31900,3100,125800
1,1,612,18,1,007809,007806,981A-78AD-8618,321600,2000,63800,6200,251600
1,1,612,1,7,002411,002412,341A-725B-8618,160800,1000,31900,3100,125800
1,1,612,20,3,008021,008024,A218-7F71-8618,32160,200,6380,620,25160
1,1,612,21,6,008196,008194,BC1A-10CD-8618,32160,200,6380,620,25160
1,1,612,11,7,007171,009023,5219-06F3-8618,321600,2000,63800,6200,251600
1,1,612,14,1,007604,007617,BC1A-106D-8618,160800,1000,31900,3100,125800
1,1,612,23,1,008310,008309,6C1A-658F-8618,160800,1000,31900,3100,125800
1,1,612,22,4,008249,008245,A419-660B-8618,1608000,10000,319000,31000,1258000
1,1,612,19,2,007925,007924,0219-7E55-8618,482400,3000,95700,9300,377400
1,1,612,24,5,008449,008448,0419-7E13-8618,804000,5000,159500,15500,629000
1,1,612,3,3,004312,004316,181A-7115-8618,1608000,10000,319000,31000,1258000
1,1,612,16,3,007565,007564,5E19-85FF-8618,804000,5000,159500,15500,629000
1,1,612,14,1,007604,007604,2C1A-3E11-8618,482400,3000,95700,9300,377400
1,1,612,16,1,007509,007520,A418-B9F7-8618,32160,200,6380,620,25160
1,1,612,8,5,003117,003119,2819-FB5F-8618,257280,1600,51040,4960,201280
1,1,612,2,3,003314,003117,4C1A-5A75-8618,1608000,10000,319000,31000,1258000
1,1,612,27,9,008755,008759,AC1A-878F-8618,80400,500,15950,1550,62900
1,1,612,24,2,008416,008416,C619-8CCD-8618,1608000,10000,319000,31000,1258000
1,1,612,14,3,007638,009156,2C19-A06B-8618,321600,2000,63800,6200,251600
1,1,612,17,2,007713,007712,201A-A5C3-8618,321600,2000,63800,6200,251600
1,1,612,19,2,007924,007924,DA1A-B789-8618,80400,500,15950,1550,62900
1,1,612,20,2,008037,008038,2C19-7CB9-8618,80400,500,15950,1550,62900
1,1,612,14,2,007620,007620,CC1B-15E5-8618,1608000,10000,319000,31000,1258000
1,1,612,12,4,007271,007271,CE1A-064B-8618,321600,2000,63800,6200,251600
1,1,612,28,1,008811,008811,E81A-6E23-8618,80400,500,15950,1550,62900
1,1,612,13,4,007330,007330,501A-BFCB-8618,321600,2000,63800,6200,251600
1,1,612,12,3,009062,007265,9E19-8999-8618,80400,500,15950,1550,62900
1,1,612,18,3,009354,009355,F819-F689-8618,80400,500,15950,1550,62900
1,1,612,27,1,008717,008715,8819-1C45-8618,321600,2000,63800,6200,251600
1,1,612,1,1,002112,002413,1A1B-6DC3-8618,241200,1500,47850,4650,188700
1,1,612,14,2,007624,007625,4E1A-63CF-8618,160800,1000,31900,3100,125800
1,1,612,15,3,009206,009206,521B-1E23-8618,80400,500,15950,1550,62900
1,1,612,27,7,008736,008733,7618-CF63-8618,804000,5000,159500,15500,629000
1,1,612,27,12,008797,008797,621B-6771-8618,321600,2000,63800,6200,251600
1,1,612,19,3,007940,007932,301B-5BF9-8618,48240,300,9570,930,37740
1,1,612,15,2,007428,007429,4A19-4D43-8618,160800,1000,31900,3100,125800
1,1,612,13,2,007314,007305,FC19-0CF3-8618,16080,100,3190,310,12580
1,1,612,8,5,003120,003120,7E1B-0DDD-8618,16080,100,3190,310,12580
1,1,612,17,2,007724,007723,B21A-7A07-8618,80400,500,15950,1550,62900
1,1,612,27,9,008761,008761,BA18-E65B-8618,80400,500,15950,1550,62900
1,1,612,26,4,008637,008637,F619-C98D-8618,32160,200,6380,620,25160
1,1,612,27,12,008797,008793,7219-79DD-8618,804000,5000,159500,15500,629000
1,1,612,23,1,008311,008311,EA18-D71B-8618,80400,500,15950,1550,62900
1,1,612,18,1,007804,007811,841A-CDE3-8618,160800,1000,31900,3100,125800
1,1,612,15,2,007422,007425,D61A-E929-8618,321600,2000,63800,6200,251600
1,1,612,22,3,008233,008247,4A1B-4933-8618,321600,2000,63800,6200,251600
1,1,612,27,4,008781,008784,4C17-E2E7-8618,16080,100,3190,310,12580
1,1,612,21,1,009508,009507,EA1A-D9BB-8618,160800,1000,31900,3100,125800
1,1,612,15,1,007405,007402,881A-454D-8618,80400,500,15950,1550,62900
1,1,612,15,3,009206,009201,4C1A-1E11-8618,16080,100,3190,310,12580
1,1,612,25,4,008546,008545,1C1A-2CD1-8618,80400,500,15950,1550,62900
1,1,612,11,2,007122,007122,A21A-CB27-8618,160800,1000,31900,3100,125800
1,1,612,20,2,008032,008034,181A-C619-8618,80400,500,15950,1550,62900
1,1,612,8,8,004314,004314,4018-E829-8618,160800,1000,31900,3100,125800
1,1,612,15,2,007427,007427,6C1B-2CF3-8618,804000,5000,159500,15500,629000
1,1,612,12,4,007274,007274,FA18-E32D-8618,16080,100,3190,310,12580
1,1,612,15,2,007422,009205,D41A-6D1D-8618,160800,1000,31900,3100,125800
1,1,612,12,4,007269,007275,4C19-3377-8618,160800,1000,31900,3100,125800
1,1,612,26,4,008637,008635,3C19-6CC5-8618,160800,1000,31900,3100,125800
1,1,612,18,1,007804,007804,CC19-4517-8618,160800,1000,31900,3100,125800
1,1,612,11,6,009014,009025,D418-BF99-8618,80400,500,15950,1550,62900
1,1,612,3,1,004111,004111,B419-9A29-8618,80400,500,15950,1550,62900
1,1,612,25,4,008546,008546,4A19-3311-8618,16080,100,3190,310,12580
1,1,612,27,5,009826,009830,0A18-EC7F-8618,16080,100,3190,310,12580
1,1,612,27,5,009824,009822,2619-E9C5-8618,80400,500,15950,1550,62900
1,1,612,27,9,008759,008758,841B-3327-8618,643200,4000,127600,12400,503200
1,1,612,16,3,007554,007553,E21B-13A5-8618,482400,3000,95700,9300,377400
1,1,612,18,3,009355,009356,0219-12DB-8618,160800,1000,31900,3100,125800
1,1,612,14,2,007629,007629,901A-F097-8618,160800,1000,31900,3100,125800
1,1,612,24,2,008417,008417,6A1A-E07D-8618,3216000,20000,638000,62000,2516000
1,1,612,24,5,008450,008450,F81B-335B-8618,160800,1000,31900,3100,125800
1,1,612,19,2,007918,007917,6C1A-666F-8618,80400,500,15950,1550,62900
1,1,612,15,3,009201,009204,F219-1BFF-8618,160800,1000,31900,3100,125800
1,1,612,16,1,007504,007503,FA1A-2399-8618,160800,1000,31900,3100,125800
1,1,612,12,1,009053,009054,F219-28F5-8618,160800,1000,31900,3100,125800
1,1,612,21,2,009522,008152,2419-B5A7-8618,160800,1000,31900,3100,125800
1,1,612,15,1,007401,007401,361A-16E1-8618,80400,500,15950,1550,62900
1,1,612,16,3,007566,007564,DE19-B999-8618,160800,1000,31900,3100,125800
1,1,612,14,3,007636,007638,CC1A-05AF-8618,321600,2000,63800,6200,251600
1,1,612,27,5,009823,008734,5418-D26B-8618,321600,2000,63800,6200,251600
1,1,612,27,4,008786,008787,941A-89B3-8618,321600,2000,63800,6200,251600
1,1,612,8,1,002129,002129,261A-8339-8618,80400,500,15950,1550,62900
1,1,612,21,1,009508,009507,DA19-B87F-8618,80400,500,15950,1550,62900
1,1,612,1,5,002306,002304,2E1B-09B1-8618,804000,5000,159500,15500,629000
1,1,612,16,2,007535,007534,FE1B-50E1-8618,80400,500,15950,1550,62900
1,1,612,18,1,007811,007807,981A-8AFF-8618,80400,500,15950,1550,62900
1,1,612,25,4,008544,008544,4A1A-AEC1-8618,16080,100,3190,310,12580
1,1,612,8,11,005104,005101,461A-4A8D-8618,804000,5000,159500,15500,629000
1,1,612,18,2,007823,007825,D018-CAB1-8618,16080,100,3190,310,12580
1,1,612,13,3,009126,009125,F01A-E80F-8618,80400,500,15950,1550,62900
1,1,612,17,1,007703,007703,AA1A-CC0D-8618,321600,2000,63800,6200,251600
1,1,612,11,1,007102,007107,F81A-AB9F-8618,321600,2000,63800,6200,251600
1,1,612,19,1,007904,007906,7E19-A3D5-8618,321600,2000,63800,6200,251600
1,1,612,16,1,007509,007516,C819-18EF-8618,804000,5000,159500,15500,629000
1,1,612,16,2,007539,007555,5C1A-95CD-8618,804000,5000,159500,15500,629000
1,1,612,27,9,008764,008703,7418-CFC1-8618,964800,6000,191400,18600,754800
1,1,612,23,1,008311,008321,FE19-544D-8618,482400,3000,95700,9300,377400
1,1,612,20,1,008047,008041,521A-59A5-8618,160800,1000,31900,3100,125800
1,1,612,27,7,009839,009838,741A-5823-8618,160800,1000,31900,3100,125800
1,1,612,14,2,007623,007619,C619-DA37-8618,160800,1000,31900,3100,125800
1,1,612,26,2,008616,008616,D41A-F55F-8618,4020000,25000,797500,77500,3145000
1,1,612,15,3,007450,007407,881B-124F-8618,643200,4000,127600,12400,503200
1,1,612,15,3,007450,007408,F01B-7E35-8618,804000,5000,159500,15500,629000
1,1,612,14,2,007625,007625,BA1A-366D-8618,321600,2000,63800,6200,251600
1,1,612,8,3,002314,002314,CE1B-526F-8618,160800,1000,31900,3100,125800
1,1,612,27,5,008733,008738,9C19-F097-8618,643200,4000,127600,12400,503200
1,1,612,16,2,007536,007556,EA18-E431-8618,160800,1000,31900,3100,125800
1,1,612,13,4,007328,007328,E819-54DD-8618,1608000,10000,319000,31000,1258000
1,1,612,13,3,009126,009126,FE1A-23DD-8618,48240,300,9570,930,37740
1,1,612,19,3,007939,007908,9019-3FA1-8618,804000,5000,159500,15500,629000
1,1,612,18,2,007828,007810,1E1A-7F45-8618,160800,1000,31900,3100,125800
1,1,612,2,3,003312,002331,CA19-C913-8618,80400,500,15950,1550,62900
1,1,612,18,3,007835,007809,D21A-0777-8618,1286400,8000,255200,24800,1006400
