1,1,612,1,1,1,"6",119100,365,360,0,0
1,1,612,1,2,1,"6",142500,163,160,0,0
1,1,612,1,2,2,"7",256400,102,100,0,0
1,1,612,1,4,1,"6/7",18657800,636,630,0,0
1,1,612,1,5,1,"6/7",17742500,174,170,0,0
1,1,612,1,6,1,"6/7/5",44420100,239,230,0,0
1,1,612,2,1,1,"3",208200,272,270,0,0
1,1,612,2,2,1,"3",105600,109,100,0,0
1,1,612,2,2,2,"5",139300,143,140,0,0
1,1,612,2,4,1,"3/5",27280000,504,500,0,0
1,1,612,2,5,1,"3/5",20465000,166,160,0,0
1,1,612,2,6,1,"3/5/7",9977800,1291,1290,0,0
1,1,612,3,1,1,"3",558200,109,100,0,0
1,1,612,3,2,1,"3",355800,89,100,0,0
1,1,612,3,2,2,"5",101300,270,270,0,0
1,1,612,3,4,1,"3/5",50254900,251,250,0,0
1,1,612,3,5,1,"3/5",13300500,216,210,0,0
1,1,612,3,6,1,"3/5/1",16392300,950,950,0,0
1,1,612,4,1,1,"5",121000,247,240,0,0
1,1,612,4,2,1,"5",262000,116,110,0,0
1,1,612,4,2,2,"7",175900,154,150,0,0
1,1,612,4,4,1,"5/7",39468800,373,370,0,0
1,1,612,4,5,1,"5/7",19885200,199,190,0,0
1,1,612,4,6,1,"5/7/3",39787800,341,340,0,0
1,1,612,5,1,1,"3",40500,1394,1390,0,0
1,1,612,5,2,1,"1",291100,122,120,0,0
1,1,612,5,2,2,"3",38500,908,900,0,0
1,1,612,5,4,1,"3/1",960000,12585,12580,3190,310
1,1,612,5,5,1,"1/3",1415200,2875,2870,0,0
1,1,612,5,6,1,"3/1/5",6665600,2169,2160,0,0
1,1,612,6,1,1,"1",170800,273,270,0,0
1,1,612,6,2,1,"1",360900,134,130,0,0
1,1,612,6,2,2,"7",161100,285,280,0,0
1,1,612,6,4,1,"1/7",23352200,641,640,0,0
1,1,612,6,5,1,"1/7",9986500,409,400,0,0
1,1,612,6,6,1,"1/7/5",13422000,1034,1030,0,0
1,1,612,7,1,1,"3",305800,158,150,0,0
1,1,612,7,2,1,"3",223200,136,130,0,0
1,1,612,7,2,2,"6",180200,180,180,0,0
1,1,612,7,4,1,"3/6",32615200,471,470,0,0
1,1,612,7,5,1,"3/6",11738300,298,290,0,0
1,1,612,7,6,1,"3/6/7",21785700,681,680,0,0
1,1,612,8,1,1,"2",112200,547,540,0,0
1,1,612,8,2,1,"2",72000,305,300,0,0
1,1,612,8,2,2,"5",230500,100,100,0,0
1,1,612,8,4,1,"2/5",7332300,2462,2460,0,0
1,1,612,8,5,1,"2/5",8094200,507,500,0,0
1,1,612,8,6,1,"2/5/3",8584700,2110,2110,0,0
1,1,612,9,1,1,"2",232600,210,210,0,0
1,1,612,9,2,1,"1",162200,185,180,0,0
1,1,612,9,2,2,"2",221800,140,140,0,0
1,1,612,9,4,1,"2/1",38416900,498,490,0,0
1,1,612,9,5,1,"1/2",17017400,301,300,0,0
1,1,612,9,6,1,"2/1/6",68204200,266,260,0,0
1,1,612,10,1,1,"5",190800,389,380,0,0
1,1,612,10,2,1,"5",215600,136,130,0,0
1,1,612,10,2,2,"6",72900,485,480,0,0
1,1,612,10,4,1,"5/6",8249800,2400,2400,0,0
1,1,612,10,5,1,"5/6",3745200,1538,1530,0,0
1,1,612,10,6,1,"5/6/1",4366700,4103,4100,0,0
1,1,612,11,1,1,"1",316400,148,140,0,0
1,1,612,11,2,1,"1",287200,127,120,0,0
1,1,612,11,2,2,"5",112600,276,270,0,0
1,1,612,11,4,1,"1/5",36001500,621,620,0,0
1,1,612,11,5,1,"1/5",11185300,461,460,0,0
1,1,612,11,6,1,"1/5/4",70152200,310,310,0,0
1,1,612,12,1,1,"4",519600,116,110,0,0
1,1,612,12,2,1,"4",291000,106,100,0,0
1,1,612,12,2,2,"5",34200,1184,1180,0,0
1,1,612,12,4,1,"4/5",11186000,1747,1740,0,0
1,1,612,12,5,1,"4/5",2798200,1393,1390,0,0
1,1,612,12,6,1,"4/5/7",9472000,2532,2530,0,0
1,1,612,13,1,1,"1",481200,133,130,0,0
1,1,612,13,2,1,"1",456100,107,100,0,0
1,1,612,13,2,2,"5",35800,125,120,0,0
1,1,612,13,4,1,"1/5",147146800,175,170,0,0
1,1,612,13,5,1,"1/5",41690600,143,140,0,0
1,1,612,13,6,1,"1/5/6",94692800,274,270,0,0
1,1,612,14,1,1,"5",390100,117,110,0,0
1,1,612,14,2,1,"2",234800,237,230,0,0
1,1,612,14,2,2,"5",961400,86,100,0,0
1,1,612,14,4,1,"5/2",108992100,214,210,0,0
1,1,612,14,5,1,"2/5",20825200,201,200,0,0
1,1,612,14,6,1,"5/2/7",29905600,1186,1180,0,0
2,1,612,1,1,1,"6",58000,365,360,0,0
2,1,612,1,2,1,"6",17000,163,160,0,0
2,1,612,1,2,2,"7",25600,102,100,0,0
2,1,612,1,4,1,"6/7",2731100,636,630,0,0
2,1,612,1,5,1,"6/7",986200,174,170,0,0
2,1,612,1,6,1,"6/7/5",9587800,239,230,0,0
2,1,612,2,1,1,"3",35000,272,270,0,0
2,1,612,2,2,1,"3",76500,109,100,0,0
2,1,612,2,2,2,"5",21000,143,140,0,0
2,1,612,2,4,1,"3/5",7425000,504,500,0,0
2,1,612,2,5,1,"3/5",4629000,166,160,0,0
2,1,612,2,6,1,"3/5/7",977200,1291,1290,0,0
2,1,612,3,1,1,"3",10000,109,100,0,0
2,1,612,3,2,1,"3",76000,89,100,0,0
2,1,612,3,2,2,"5",22300,270,270,0,0
2,1,612,3,4,1,"3/5",7488100,251,250,0,0
2,1,612,3,5,1,"3/5",1350300,216,210,0,0
2,1,612,3,6,1,"3/5/1",2459100,950,950,0,0
2,1,612,4,1,1,"5",37500,247,240,0,0
2,1,612,4,2,1,"5",7000,116,110,0,0
2,1,612,4,2,2,"7",28500,154,150,0,0
2,1,612,4,4,1,"5/7",6988700,373,370,0,0
2,1,612,4,5,1,"5/7",3831700,199,190,0,0
2,1,612,4,6,1,"5/7/3",7530800,341,340,0,0
2,1,612,5,1,1,"3",1100,1394,1390,0,0
2,1,612,5,2,1,"1",9000,122,120,0,0
2,1,612,5,2,2,"3",3000,908,900,0,0
2,1,612,5,4,1,"3/1",187500,12585,12580,3190,310
2,1,612,5,5,1,"1/3",223900,2875,2870,0,0
2,1,612,5,6,1,"3/1/5",1130300,2169,2160,0,0
2,1,612,6,1,1,"1",0,273,270,0,0
2,1,612,6,2,1,"1",25000,134,130,0,0
2,1,612,6,2,2,"7",17000,285,280,0,0
2,1,612,6,4,1,"1/7",4055800,641,640,0,0
2,1,612,6,5,1,"1/7",2494400,409,400,0,0
2,1,612,6,6,1,"1/7/5",2112200,1034,1030,0,0
2,1,612,7,1,1,"3",69000,158,150,0,0
2,1,612,7,2,1,"3",20000,136,130,0,0
2,1,612,7,2,2,"6",12000,180,180,0,0
2,1,612,7,4,1,"3/6",6200200,471,470,0,0
2,1,612,7,5,1,"3/6",3036200,298,290,0,0
2,1,612,7,6,1,"3/6/7",3317700,681,680,0,0
2,1,612,13,1,1,"1",32000,133,130,0,0
2,1,612,13,2,1,"1",10000,107,100,0,0
2,1,612,13,2,2,"5",433000,125,120,0,0
2,1,612,13,4,1,"1/5",24183500,175,170,0,0
2,1,612,13,5,1,"1/5",6505400,143,140,0,0
2,1,612,13,6,1,"1/5/6",15169400,274,270,0,0
2,1,612,14,1,1,"5",5200,117,110,0,0
2,1,612,14,2,1,"2",27600,237,230,0,0
2,1,612,14,2,2,"5",1000,86,100,0,0
2,1,612,14,4,1,"5/2",10261300,214,210,0,0
2,1,612,14,5,1,"2/5",999800,201,200,0,0
2,1,612,14,6,1,"5/2/7",3084800,1186,1180,0,0
4,1,612,1,1,1,"6",2500,365,360,0,0
4,1,612,1,2,1,"6",18000,163,160,0,0
4,1,612,1,2,2,"7",5200,102,100,0,0
4,1,612,1,4,1,"6/7",1653500,636,630,0,0
4,1,612,1,5,1,"6/7",2535000,174,170,0,0
4,1,612,1,6,1,"6/7/5",7391800,239,230,0,0
4,1,612,2,1,1,"3",12700,272,270,0,0
4,1,612,2,2,1,"3",33700,109,100,0,0
4,1,612,2,2,2,"5",2500,143,140,0,0
4,1,612,2,4,1,"3/5",1722600,504,500,0,0
4,1,612,2,5,1,"3/5",2127700,166,160,0,0
4,1,612,2,6,1,"3/5/7",1323000,1291,1290,0,0
4,1,612,3,1,1,"3",16000,109,100,0,0
4,1,612,3,2,1,"3",5500,89,100,0,0
4,1,612,3,2,2,"5",15900,270,270,0,0
4,1,612,3,4,1,"3/5",4417200,251,250,0,0
4,1,612,3,5,1,"3/5",946500,216,210,0,0
4,1,612,3,6,1,"3/5/1",2251700,950,950,0,0
4,1,612,4,1,1,"5",15500,247,240,0,0
4,1,612,4,2,1,"5",20400,116,110,0,0
4,1,612,4,2,2,"7",11800,154,150,0,0
4,1,612,4,4,1,"5/7",4863700,373,370,0,0
4,1,612,4,5,1,"5/7",2010200,199,190,0,0
4,1,612,4,6,1,"5/7/3",5941400,341,340,0,0
4,1,612,5,1,1,"3",4000,1394,1390,0,0
4,1,612,5,2,1,"1",22300,122,120,0,0
4,1,612,5,2,2,"3",500,908,900,0,0
4,1,612,5,4,1,"3/1",77800,12585,12580,3190,310
4,1,612,5,5,1,"1/3",156900,2875,2870,0,0
4,1,612,5,6,1,"3/1/5",668100,2169,2160,0,0
4,1,612,6,1,1,"1",18500,273,270,0,0
4,1,612,6,2,1,"1",6300,134,130,0,0
4,1,612,6,2,2,"7",2700,285,280,0,0
4,1,612,6,4,1,"1/7",2816600,641,640,0,0
4,1,612,6,5,1,"1/7",950200,409,400,0,0
4,1,612,6,6,1,"1/7/5",2014100,1034,1030,0,0
4,1,612,7,1,1,"3",93600,158,150,0,0
4,1,612,7,2,1,"3",13300,136,130,0,0
4,1,612,7,2,2,"6",500,180,180,0,0
4,1,612,7,4,1,"3/6",3822300,471,470,0,0
4,1,612,7,5,1,"3/6",1597300,298,290,0,0
4,1,612,7,6,1,"3/6/7",2369400,681,680,0,0
4,1,612,8,1,1,"2",11500,547,540,0,0
4,1,612,8,2,1,"2",3200,305,300,0,0
4,1,612,8,2,2,"5",6000,100,100,0,0
4,1,612,8,4,1,"2/5",839100,2462,2460,0,0
4,1,612,8,5,1,"2/5",824700,507,500,0,0
4,1,612,8,6,1,"2/5/3",1024300,2110,2110,0,0
4,1,612,9,1,1,"2",52000,210,210,0,0
4,1,612,9,2,1,"1",8500,185,180,0,0
4,1,612,9,2,2,"2",5000,140,140,0,0
4,1,612,9,4,1,"2/1",4299200,498,490,0,0
4,1,612,9,5,1,"1/2",1379600,301,300,0,0
4,1,612,9,6,1,"2/1/6",9966100,266,260,0,0
4,1,612,10,1,1,"5",3000,389,380,0,0
4,1,612,10,2,1,"5",61000,136,130,0,0
4,1,612,10,2,2,"6",3000,485,480,0,0
4,1,612,10,4,1,"5/6",1134600,2400,2400,0,0
4,1,612,10,5,1,"5/6",256800,1538,1530,0,0
4,1,612,10,6,1,"5/6/1",835800,4103,4100,0,0
4,1,612,11,1,1,"1",47000,148,140,0,0
4,1,612,11,2,1,"1",0,127,120,0,0
4,1,612,11,2,2,"5",17100,276,270,0,0
4,1,612,11,4,1,"1/5",2645300,621,620,0,0
4,1,612,11,5,1,"1/5",417900,461,460,0,0
4,1,612,11,6,1,"1/5/4",6093200,310,310,0,0
4,1,612,12,1,1,"4",4000,116,110,0,0
4,1,612,12,2,1,"4",107000,106,100,0,0
4,1,612,12,2,2,"5",0,1184,1180,0,0
4,1,612,12,4,1,"4/5",824400,1747,1740,0,0
4,1,612,12,5,1,"4/5",163200,1393,1390,0,0
4,1,612,12,6,1,"4/5/7",790900,2532,2530,0,0
4,1,612,13,1,1,"1",40000,133,130,0,0
4,1,612,13,2,1,"1",100000,107,100,0,0
4,1,612,13,2,2,"5",11000,125,120,0,0
4,1,612,13,4,1,"1/5",14533000,175,170,0,0
4,1,612,13,5,1,"1/5",3710500,143,140,0,0
4,1,612,13,6,1,"1/5/6",8106400,274,270,0,0
4,1,612,14,1,1,"5",66000,117,110,0,0
4,1,612,14,2,1,"2",111500,237,230,0,0
4,1,612,14,2,2,"5",100000,86,100,0,0
4,1,612,14,4,1,"5/2",4987500,214,210,0,0
4,1,612,14,5,1,"2/5",1598000,201,200,0,0
4,1,612,14,6,1,"5/2/7",3603900,1186,1180,0,0
1,2,613,1,1,1,"3",375200,110,110,0,0
1,2,613,1,2,1,"1",176600,180,180,0,0
1,2,613,1,2,2,"3",246600,100,100,0,0
1,2,613,1,4,1,"3/1",20540400,270,270,0,0
1,2,613,1,5,1,"1/3",6696200,190,190,0,0
1,2,613,1,6,1,"1/3/5",15830900,310,310,0,0
1,2,613,2,1,1,"2",259200,170,170,0,0
1,2,613,2,2,1,"2",308800,100,100,0,0
1,2,613,2,2,2,"3",15200,1320,1320,0,0
1,2,613,2,4,1,"2/3",6987100,1000,1000,0,0
1,2,613,2,5,1,"2/3",1988400,950,950,0,0
1,2,613,2,6,1,"2/3/6",28027700,280,280,0,0
1,2,613,3,1,1,"1",480100,150,150,0,0
1,2,613,3,2,1,"1",228700,110,110,0,0
1,2,613,3,2,2,"3",110000,240,240,0,0
1,2,613,3,4,1,"1/3",7587800,1240,1240,0,0
1,2,613,3,5,1,"1/3",2629600,960,960,0,0
1,2,613,3,6,1,"1/3/7",17213000,550,550,0,0
1,2,613,4,1,1,"2",364300,160,160,0,0
1,2,613,4,2,1,"2",243600,100,100,0,0
1,2,613,4,2,2,"6",71700,160,160,0,0
1,2,613,4,4,1,"2/6",32559700,330,330,0,0
1,2,613,4,5,1,"2/6",19752800,160,160,0,0
1,2,613,4,6,1,"2/6/7",16200300,540,540,0,0
