1,1,614,1,1,727300,0,0,21819,72730,29092,14546,0,0,0,0,0,0,9654,7721,0,0,0,0,0,0,0
1,1,614,1,2,533300,0,0,15999,53330,21332,10666,0,0,0,0,0,0,3006,4583,0,0,0,0,0,0,0
1,1,614,1,4,200269500,0,0,24032340,20026950,8010780,4005390,0,0,0,0,0,0,11799336,0,69294,0,0,0,0,0,0
1,1,614,1,5,53090100,0,0,6370812,5309010,2123604,1061802,0,0,0,0,0,0,4975705,0,69557,0,0,0,0,0,0
1,1,614,1,6,193861300,0,0,23263356,19386130,7754452,3877226,27182730,2639100,0,0,0,0,2770671,0,16115,0,0,0,0,0,0
1,1,614,2,1,580400,0,0,17412,58040,23216,11608,0,0,0,0,0,0,-100613,0,2117,0,0,0,0,0,0
1,1,614,2,2,606700,0,0,18201,60670,24268,12134,0,0,0,0,0,0,-61751,4987,845,0,0,0,0,0,0
1,1,614,2,4,187389300,0,0,22486716,18738930,7495572,3747786,0,0,0,0,0,0,4854369,34953,0,0,0,0,0,0,0
1,1,614,2,5,61905800,0,0,7428696,6190580,2476232,1238116,0,0,0,0,0,0,1194291,0,72085,0,0,0,0,0,0
1,1,614,2,6,188369900,0,0,22604388,18836990,7534796,3767398,0,0,0,0,0,0,6976769,0,97509,0,0,0,0,0,0
1,1,614,3,1,733000,0,0,21990,73300,29320,14660,0,0,0,0,0,0,-36501,0,1491,0,0,0,0,0,0
1,1,614,3,2,800800,0,0,24024,80080,32032,16016,0,0,0,0,0,0,18125,0,3563,0,0,0,0,0,0
1,1,614,3,4,235927800,0,0,28311336,23592780,9437112,4718556,29416800,2884000,0,0,0,0,20823388,58172,0,0,0,0,0,0,33000
1,1,614,3,5,59685600,0,0,7162272,5968560,2387424,1193712,0,0,0,0,0,0,2669581,0,10511,0,0,0,0,0,0
1,1,614,3,6,228518300,0,0,27422196,22851830,9140732,4570366,0,0,0,0,0,0,-471739,160865,0,0,0,0,0,0,166000
1,1,614,4,1,901700,0,0,27051,90170,36068,18034,0,0,0,0,0,0,-37718,5545,0,0,0,0,0,0,0
1,1,614,4,2,758100,0,0,22743,75810,30324,15162,0,0,0,0,0,0,32623,0,10678,0,0,0,0,0,0
1,1,614,4,4,263706600,0,0,31644792,26370660,10548264,5274132,0,0,0,0,0,0,11568408,0,1112304,0,0,0,0,0,52000
1,1,614,4,5,61430500,0,0,7371660,6143050,2457220,1228610,0,0,0,0,0,0,-42796,1164824,0,0,0,0,0,0,0
1,1,614,4,6,253613500,0,0,30433620,25361350,10144540,5072270,0,0,0,0,0,0,6726662,486412,0,0,0,0,0,0,12000
1,1,614,5,1,716700,0,0,21501,71670,28668,14334,0,0,0,0,0,0,15191,0,5586,0,0,0,0,0,0
1,1,614,5,2,794000,0,0,23820,79400,31760,15880,0,0,0,0,0,0,52360,13030,0,0,0,0,0,0,0
1,1,614,5,4,278916300,0,0,33469956,27891630,11156652,5578326,0,0,0,0,0,0,4514518,1048382,0,0,0,0,0,0,0
1,1,614,5,5,72606600,0,0,8712792,7260660,2904264,1452132,0,0,0,0,0,0,3246954,0,379038,0,0,0,0,0,0
1,1,614,5,6,251335800,0,0,30160296,25133580,10053432,5026716,0,0,0,0,0,0,5740693,0,2572823,0,0,0,0,0,3000
1,1,614,6,1,926200,0,0,27786,92620,37048,18524,0,0,0,0,0,0,-39289,17919,0,0,0,0,0,0,0
1,1,614,6,2,773900,0,0,23217,77390,30956,15478,0,0,0,0,0,0,-62751,6088,298,0,0,0,0,0,0
1,1,614,6,4,269080900,0,0,32289708,26908090,10763236,5381618,0,0,0,0,0,0,-5549835,447717,0,0,0,0,0,0,4000
1,1,614,6,5,58041300,0,0,6964956,5804130,2321652,1160826,0,0,0,0,0,0,-3511914,202470,0,0,0,0,0,0,16000
1,1,614,6,6,282937100,0,0,33952452,28293710,11317484,5658742,0,0,0,0,0,0,7028987,0,645925,0,0,0,0,0,0
1,1,614,7,1,489500,0,0,14685,48950,19580,9790,0,0,0,0,0,0,14564,0,8131,0,0,0,0,0,0
1,1,614,7,2,870400,0,0,26112,87040,34816,17408,0,0,0,0,0,0,59927,1903,7600,0,0,0,0,0,0
1,1,614,7,4,300418700,0,0,36050244,30041870,12016748,6008374,0,0,0,0,0,0,15414013,2033849,0,0,0,0,0,0,50000
1,1,614,7,5,73489700,0,0,8818764,7348970,2939588,1469794,0,0,0,0,0,0,3527821,0,876683,0,0,0,0,0,0
1,1,614,7,6,305495300,0,0,36659436,30549530,12219812,6109906,0,0,0,0,0,0,-4157276,401988,0,0,0,0,0,0,0
1,1,614,8,1,661900,0,0,19857,66190,26476,13238,0,0,0,0,0,0,-44766,0,12925,0,0,0,0,0,0
1,1,614,8,2,1073800,0,0,32214,107380,42952,21476,0,0,0,0,0,0,4896,10701,1333,0,0,0,0,0,0
1,1,614,8,4,317085500,0,0,38050260,31708550,12683420,6341710,0,0,0,0,0,0,-1310510,0,2385470,0,0,0,0,0,0
1,1,614,8,5,72351400,0,0,8682168,7235140,2894056,1447028,0,0,0,0,0,0,1698227,636899,0,0,0,0,0,0,0
1,1,614,8,6,315242900,0,0,37829148,31524290,12609716,6304858,0,0,0,0,0,0,6754764,2570886,0,0,0,0,0,0,0
1,1,614,9,1,509200,0,0,15276,50920,20368,10184,0,0,0,0,0,0,12848,0,1054,0,0,0,0,0,0
1,1,614,9,2,585300,0,0,17559,58530,23412,11706,0,0,0,0,0,0,43301,15928,0,0,0,0,0,0,0
1,1,614,9,4,314647400,0,0,37757688,31464740,12585896,6292948,0,0,0,0,0,0,4872720,0,1513908,0,0,0,0,0,83600
1,1,614,9,5,81705400,0,0,9804648,8170540,3268216,1634108,0,0,0,0,0,0,2090227,136039,0,0,0,0,0,0,0
1,1,614,9,6,303747400,0,0,36449688,30374740,12149896,6074948,0,0,0,0,0,0,-3465871,340681,0,0,0,0,0,0,18000
1,1,614,10,1,729900,0,0,21897,72990,29196,14598,0,0,0,0,0,0,4383,2044,0,0,0,0,0,0,0
1,1,614,10,2,740500,0,0,22215,74050,29620,14810,0,0,0,0,0,0,-41508,5897,0,0,0,0,0,0,0
1,1,614,10,4,329351400,0,0,39522168,32935140,13174056,6587028,0,0,0,0,0,0,1349864,537226,0,0,0,0,0,0,30000
1,1,614,10,5,80880400,0,0,9705648,8088040,3235216,1617608,0,0,0,0,0,0,3302921,0,49687,0,0,0,0,0,20000
1,1,614,10,6,285681200,0,0,34281744,28568120,11427248,5713624,0,0,0,0,0,0,2950933,0,65371,0,0,0,0,0,0
1,1,614,11,1,725600,0,0,21768,72560,29024,14512,0,0,0,0,0,0,-14616,2448,0,0,0,0,0,0,0
1,1,614,11,2,797000,0,0,23910,79700,31880,15940,0,0,0,0,0,0,-42922,5788,0,0,0,0,0,0,0
1,1,614,11,4,381974600,0,0,45836952,38197460,15278984,7639492,0,0,0,0,0,0,8911658,0,1083004,0,0,0,0,0,0
1,1,614,11,5,89718900,0,0,10766268,8971890,3588756,1794378,0,0,0,0,0,0,-692643,775489,0,0,0,0,0,0,0
1,1,614,11,6,336881800,0,0,40425816,33688180,13475272,6737636,0,0,0,0,0,0,-8693145,115489,0,0,0,0,0,0,100000
1,1,614,12,1,692200,0,0,20766,69220,27688,13844,0,0,0,0,0,0,-46171,0,23953,0,0,0,0,0,0
1,1,614,12,2,962900,0,0,28887,96290,38516,19258,0,0,0,0,0,0,-60931,0,18660,0,0,0,0,0,0
1,1,614,12,4,333587700,0,0,40030524,33358770,13343508,6671754,0,0,0,0,0,0,4024985,0,628279,0,0,0,0,0,10000
1,1,614,12,5,49171800,0,0,5900616,4917180,1966872,983436,0,0,0,0,0,0,-354803,40901,0,0,0,0,0,0,200000
1,1,614,12,6,474547500,0,0,56945700,47454750,18981900,9490950,0,0,0,0,0,0,-4588567,3255673,0,0,0,0,0,0,10000
1,1,614,13,1,840600,0,0,25218,84060,33624,16812,0,0,0,0,0,0,25856,0,17050,0,0,0,0,0,0
1,1,614,13,2,741600,0,0,22248,74160,29664,14832,0,0,0,0,0,0,56581,0,16555,0,0,0,0,0,0
1,1,614,13,4,470671200,0,0,56480544,47067120,18826848,9413424,0,0,0,0,0,0,14959899,0,5050355,0,0,0,0,0,35000
1,1,614,13,5,90671900,0,0,10880628,9067190,3626876,1813438,0,0,0,0,0,0,1155275,1923787,0,0,0,0,0,0,0
1,1,614,13,6,446685300,0,0,53602236,44668530,17867412,8933706,0,0,0,0,0,0,13656681,0,5121815,0,0,0,0,0,90000
1,1,614,14,1,466700,0,0,14001,46670,18668,9334,0,0,0,0,0,0,4326,0,5801,0,0,0,0,0,0
1,1,614,14,2,1457100,0,0,43713,145710,58284,29142,0,0,0,0,0,0,538,274951,2514,0,0,0,0,0,0
1,1,614,14,4,432971800,0,0,51956616,43297180,17318872,8659436,0,0,0,0,0,0,-9034276,13749655,1159547,0,0,0,0,0,120000
1,1,614,14,5,78301000,0,0,9396120,7830100,3132040,1566020,0,0,0,0,0,0,-629594,10446976,0,0,0,0,0,0,0
1,1,614,14,6,577328800,0,0,69279456,57732880,23093152,11546576,0,0,0,0,0,0,2333415,3743679,0,0,0,0,0,0,80000
2,1,614,1,1,73200,0,0,2196,7320,2928,1464,0,0,0,0,0,0,12317,625,0,0,0,0,0,0,0
2,1,614,1,2,55500,0,0,1665,5550,2220,1110,0,0,0,0,0,0,-1358,937,0,0,0,0,0,0,0
2,1,614,1,4,39798900,0,0,4775868,3979890,1591956,795978,0,0,0,0,0,0,-6574910,0,18438,0,0,0,0,0,0
2,1,614,1,5,8907000,0,0,1068840,890700,356280,178140,0,0,0,0,0,0,-4243803,0,22293,0,0,0,0,0,0
2,1,614,1,6,37514100,0,0,4501692,3751410,1500564,750282,6720750,652500,0,0,0,0,-6815082,0,3984,0,0,0,0,0,0
2,1,614,2,1,71700,0,0,2151,7170,2868,1434,0,0,0,0,0,0,58077,0,0,0,0,0,0,0,0
2,1,614,2,2,111000,0,0,3330,11100,4440,2220,0,0,0,0,0,0,58302,506,14,0,0,0,0,0,0
2,1,614,2,4,37238400,0,0,4468608,3723840,1489536,744768,0,0,0,0,0,0,3567394,6246,0,0,0,0,0,0,0
2,1,614,2,5,14590800,0,0,1750896,1459080,583632,291816,0,0,0,0,0,0,1903092,0,14294,0,0,0,0,0,0
2,1,614,2,6,34822900,0,0,4178748,3482290,1392916,696458,0,0,0,0,0,0,765405,0,18423,0,0,0,0,0,0
2,1,614,3,1,68500,0,0,2055,6850,2740,1370,0,0,0,0,0,0,-32923,0,208,0,0,0,0,0,0
2,1,614,3,2,108600,0,0,3258,10860,4344,2172,0,0,0,0,0,0,6138,0,628,0,0,0,0,0,0
2,1,614,3,4,47646900,0,0,5717628,4764690,1905876,952938,8090640,793200,0,0,0,0,-6686673,15999,0,0,0,0,0,0,0
2,1,614,3,5,12840900,0,0,1540908,1284090,513636,256818,0,0,0,0,0,0,-1851045,0,2893,0,0,0,0,0,0
2,1,614,3,6,49387600,0,0,5926512,4938760,1975504,987752,0,0,0,0,0,0,7947730,26918,0,0,0,0,0,0,0
2,1,614,4,1,26300,0,0,789,2630,1052,526,0,0,0,0,0,0,11473,70,0,0,0,0,0,0,0
2,1,614,4,2,115100,0,0,3453,11510,4604,2302,0,0,0,0,0,0,-43762,0,3563,0,0,0,0,0,0
2,1,614,4,4,55219400,0,0,6626328,5521940,2208776,1104388,0,0,0,0,0,0,-12566128,0,326416,0,0,0,0,0,0
2,1,614,4,5,11586100,0,0,1390332,1158610,463444,231722,0,0,0,0,0,0,34503,218571,0,0,0,0,0,0,0
2,1,614,4,6,46784400,0,0,5614128,4678440,1871376,935688,0,0,0,0,0,0,-8281458,116064,0,0,0,0,0,0,0
2,1,614,5,1,95300,0,0,2859,9530,3812,1906,0,0,0,0,0,0,-40216,0,1159,0,0,0,0,0,0
2,1,614,5,2,269200,0,0,8076,26920,10768,5384,0,0,0,0,0,0,-95036,6862,0,0,0,0,0,0,0
2,1,614,5,4,55360000,0,0,6643200,5536000,2214400,1107200,0,0,0,0,0,0,-7603324,253476,0,0,0,0,0,0,0
2,1,614,5,5,14437100,0,0,1732452,1443710,577484,288742,0,0,0,0,0,0,-5103762,0,119814,0,0,0,0,0,0
2,1,614,5,6,40741200,0,0,4888944,4074120,1629648,814824,0,0,0,0,0,0,-2304823,0,464557,0,0,0,0,0,0
2,1,614,6,1,95700,0,0,2871,9570,3828,1914,0,0,0,0,0,0,-20362,2221,0,0,0,0,0,0,0
2,1,614,6,2,99500,0,0,2985,9950,3980,1990,0,0,0,0,0,0,1023,384,56,0,0,0,0,0,0
2,1,614,6,4,45580300,0,0,5469636,4558030,1823212,911606,0,0,0,0,0,0,2126626,68950,0,0,0,0,0,0,0
2,1,614,6,5,11758600,0,0,1411032,1175860,470344,235172,0,0,0,0,0,0,1202595,32463,0,0,0,0,0,0,0
2,1,614,6,6,47080200,0,0,5649624,4708020,1883208,941604,0,0,0,0,0,0,-6509053,0,132697,0,0,0,0,0,0
2,1,614,7,1,114800,0,0,3444,11480,4592,2296,0,0,0,0,0,0,-55166,0,3154,0,0,0,0,0,0
2,1,614,7,2,24400,0,0,732,2440,976,488,0,0,0,0,0,0,-7606,63,393,0,0,0,0,0,0
2,1,614,7,4,58316200,0,0,6997944,5831620,2332648,1166324,0,0,0,0,0,0,-6226461,488135,0,0,0,0,0,0,0
2,1,614,7,5,15367000,0,0,1844040,1536700,614680,307340,0,0,0,0,0,0,-523710,0,205710,0,0,0,0,0,0
2,1,614,7,6,56726600,0,0,6807192,5672660,2269064,1134532,0,0,0,0,0,0,695813,72011,0,0,0,0,0,0,0
2,1,614,13,1,78000,0,0,2340,7800,3120,1560,0,0,0,0,0,0,-31689,0,2469,0,0,0,0,0,0
2,1,614,13,2,339600,0,0,10188,33960,13584,6792,0,0,0,0,0,0,-86766,0,842,0,0,0,0,0,0
2,1,614,13,4,80611300,0,0,9673356,8061130,3224452,1612226,0,0,0,0,0,0,-12274483,0,1096289,0,0,0,0,0,0
2,1,614,13,5,17086200,0,0,2050344,1708620,683448,341724,0,0,0,0,0,0,-1108047,402289,0,0,0,0,0,0,0
2,1,614,13,6,78227900,0,0,9387348,7822790,3129116,1564558,0,0,0,0,0,0,-10805026,0,1116464,0,0,0,0,0,0
2,1,614,14,1,44000,0,0,1320,4400,1760,880,0,0,0,0,0,0,-3974,0,614,0,0,0,0,0,0
2,1,614,14,2,107700,0,0,3231,10770,4308,2154,0,0,0,0,0,0,-716,24519,322,0,0,0,0,0,0
2,1,614,14,4,66379900,0,0,7965588,6637990,2655196,1327598,0,0,0,0,0,0,2223847,1837847,174608,0,0,0,0,0,0
2,1,614,14,5,14313600,0,0,1717632,1431360,572544,286272,0,0,0,0,0,0,-293411,2197797,0,0,0,0,0,0,0
2,1,614,14,6,92155300,0,0,11058636,9215530,3686212,1843106,0,0,0,0,0,0,-7806577,671657,0,0,0,0,0,0,0
4,1,614,1,1,122000,0,0,3660,12200,4880,2440,0,0,0,0,0,0,-21971,1609,0,0,0,0,0,0,0
4,1,614,1,2,58900,0,0,1767,5890,2356,1178,0,0,0,0,0,0,-1648,603,0,0,0,0,0,0,0
4,1,614,1,4,23905300,0,0,2868636,2390530,956212,478106,0,0,0,0,0,0,-5224426,0,11742,0,0,0,0,0,0
4,1,614,1,5,6431300,0,0,771756,643130,257252,128626,0,0,0,0,0,0,-731902,0,11218,0,0,0,0,0,0
4,1,614,1,6,27476200,0,0,3297144,2747620,1099048,549524,3127080,303600,0,0,0,0,4044411,0,1853,0,0,0,0,0,0
4,1,614,2,1,154000,0,0,4620,15400,6160,3080,0,0,0,0,0,0,42536,0,304,0,0,0,0,0,0
4,1,614,2,2,15700,0,0,471,1570,628,314,0,0,0,0,0,0,3449,120,8,0,0,0,0,0,0
4,1,614,2,4,25893700,0,0,3107244,2589370,1035748,517874,0,0,0,0,0,0,-8421763,7273,0,0,0,0,0,0,0
4,1,614,2,5,7253600,0,0,870432,725360,290144,145072,0,0,0,0,0,0,-3097383,0,13825,0,0,0,0,0,0
4,1,614,2,6,31127000,0,0,3735240,3112700,1245080,622540,0,0,0,0,0,0,-7742174,0,22854,0,0,0,0,0,0
4,1,614,3,1,101300,0,0,3039,10130,4052,2026,0,0,0,0,0,0,69424,0,29,0,0,0,0,0,0
4,1,614,3,2,125700,0,0,3771,12570,5028,2514,0,0,0,0,0,0,-24263,0,1280,0,0,0,0,0,0
4,1,614,3,4,29691200,0,0,3562944,2969120,1187648,593824,7009440,687200,0,0,0,0,-14136715,13861,0,0,0,0,0,0,0
4,1,614,3,5,7261000,0,0,871320,726100,290440,145220,0,0,0,0,0,0,-818536,0,1576,0,0,0,0,0,0
4,1,614,3,6,31583100,0,0,3789972,3158310,1263324,631662,0,0,0,0,0,0,-7475991,29457,0,0,0,0,0,0,0
4,1,614,4,1,115800,0,0,3474,11580,4632,2316,0,0,0,0,0,0,26245,487,0,0,0,0,0,0,0
4,1,614,4,2,61000,0,0,1830,6100,2440,1220,0,0,0,0,0,0,11139,0,521,0,0,0,0,0,0
4,1,614,4,4,35465700,0,0,4255884,3546570,1418628,709314,0,0,0,0,0,0,997720,0,153074,0,0,0,0,0,0
4,1,614,4,5,7733600,0,0,928032,773360,309344,154672,0,0,0,0,0,0,8293,146281,0,0,0,0,0,0,0
4,1,614,4,6,38064500,0,0,4567740,3806450,1522580,761290,0,0,0,0,0,0,1554796,71496,0,0,0,0,0,0,0
4,1,614,5,1,73600,0,0,2208,7360,2944,1472,0,0,0,0,0,0,25025,0,341,0,0,0,0,0,0
4,1,614,5,2,217500,0,0,6525,21750,8700,4350,0,0,0,0,0,0,42676,2941,0,0,0,0,0,0,0
4,1,614,5,4,34694300,0,0,4163316,3469430,1387772,693886,0,0,0,0,0,0,3088806,116910,0,0,0,0,0,0,0
4,1,614,5,5,8535700,0,0,1024284,853570,341428,170714,0,0,0,0,0,0,1856808,0,33156,0,0,0,0,0,0
4,1,614,5,6,35288300,0,0,4234596,3528830,1411532,705766,0,0,0,0,0,0,-3435870,0,423516,0,0,0,0,0,0
4,1,614,6,1,95300,0,0,2859,9530,3812,1906,0,0,0,0,0,0,59651,398,0,0,0,0,0,0,0
4,1,614,6,2,249500,0,0,7485,24950,9980,4990,0,0,0,0,0,0,61728,354,121,0,0,0,0,0,0
4,1,614,6,4,27163600,0,0,3259632,2716360,1086544,543272,0,0,0,0,0,0,3423209,36247,0,0,0,0,0,0,0
4,1,614,6,5,6078500,0,0,729420,607850,243140,121570,0,0,0,0,0,0,2309319,9239,0,0,0,0,0,0,0
4,1,614,6,6,33452600,0,0,4014312,3345260,1338104,669052,0,0,0,0,0,0,-519934,0,80806,0,0,0,0,0,0
4,1,614,7,1,80400,0,0,2412,8040,3216,1608,0,0,0,0,0,0,40602,0,522,0,0,0,0,0,0
4,1,614,7,2,126700,0,0,3801,12670,5068,2534,0,0,0,0,0,0,-52321,407,2035,0,0,0,0,0,0
4,1,614,7,4,35507800,0,0,4260936,3550780,1420312,710156,0,0,0,0,0,0,-9187552,351852,0,0,0,0,0,0,0
4,1,614,7,5,8392000,0,0,1007040,839200,335680,167840,0,0,0,0,0,0,-3004111,0,160591,0,0,0,0,0,0
4,1,614,7,6,44860400,0,0,5383248,4486040,1794416,897208,0,0,0,0,0,0,3461463,51725,0,0,0,0,0,0,0
4,1,614,8,1,96100,0,0,2883,9610,3844,1922,0,0,0,0,0,0,44766,0,735,0,0,0,0,0,0
4,1,614,8,2,184300,0,0,5529,18430,7372,3686,0,0,0,0,0,0,-4896,569,448,0,0,0,0,0,0
4,1,614,8,4,33025600,0,0,3963072,3302560,1321024,660512,0,0,0,0,0,0,1310510,0,233422,0,0,0,0,0,0
4,1,614,8,5,7631100,0,0,915732,763110,305244,152622,0,0,0,0,0,0,-1698227,90901,0,0,0,0,0,0,0
4,1,614,8,6,39447800,0,0,4733736,3944780,1577912,788956,0,0,0,0,0,0,-6754764,410430,0,0,0,0,0,0,0
4,1,614,9,1,290500,0,0,8715,29050,11620,5810,0,0,0,0,0,0,-12848,0,653,0,0,0,0,0,0
4,1,614,9,2,94200,0,0,2826,9420,3768,1884,0,0,0,0,0,0,-43301,1497,0,0,0,0,0,0,0
4,1,614,9,4,39287000,0,0,4714440,3928700,1571480,785740,0,0,0,0,0,0,-4872720,0,226460,0,0,0,0,0,0
4,1,614,9,5,8736500,0,0,1048380,873650,349460,174730,0,0,0,0,0,0,-2090227,20093,0,0,0,0,0,0,0
4,1,614,9,6,42238100,0,0,5068572,4223810,1689524,844762,0,0,0,0,0,0,3465871,41319,0,0,0,0,0,0,0
4,1,614,10,1,164000,0,0,4920,16400,6560,3280,0,0,0,0,0,0,-4383,477,0,0,0,0,0,0,0
4,1,614,10,2,99900,0,0,2997,9990,3996,1998,0,0,0,0,0,0,41508,389,0,0,0,0,0,0,0
4,1,614,10,4,37370700,0,0,4484484,3737070,1494828,747414,0,0,0,0,0,0,-1349864,64382,0,0,0,0,0,0,0
4,1,614,10,5,8669600,0,0,1040352,866960,346784,173392,0,0,0,0,0,0,-3302921,0,8633,0,0,0,0,0,0
4,1,614,10,6,40602700,0,0,4872324,4060270,1624108,812054,0,0,0,0,0,0,-2950933,0,10377,0,0,0,0,0,0
4,1,614,11,1,111000,0,0,3330,11100,4440,2220,0,0,0,0,0,0,14616,306,0,0,0,0,0,0,0
4,1,614,11,2,79900,0,0,2397,7990,3196,1598,0,0,0,0,0,0,42922,133,0,0,0,0,0,0,0
4,1,614,11,4,45458700,0,0,5455044,4545870,1818348,909174,0,0,0,0,0,0,-8911658,0,169472,0,0,0,0,0,0
4,1,614,11,5,10410200,0,0,1249224,1041020,416408,208204,0,0,0,0,0,0,692643,80799,0,0,0,0,0,0,0
4,1,614,11,6,42481100,0,0,5097732,4248110,1699244,849622,0,0,0,0,0,0,8693145,10063,0,0,0,0,0,0,0
4,1,614,12,1,148000,0,0,4440,14800,5920,2960,0,0,0,0,0,0,46171,0,2909,0,0,0,0,0,0
4,1,614,12,2,309600,0,0,9288,30960,12384,6192,0,0,0,0,0,0,60931,0,4535,0,0,0,0,0,0
4,1,614,12,4,32546800,0,0,3905616,3254680,1301872,650936,0,0,0,0,0,0,-4024985,0,73051,0,0,0,0,0,0
4,1,614,12,5,3564700,0,0,427764,356470,142588,71294,0,0,0,0,0,0,354803,2529,0,0,0,0,0,0,0
4,1,614,12,6,55492700,0,0,6659124,5549270,2219708,1109854,0,0,0,0,0,0,4588567,332523,0,0,0,0,0,0,0
4,1,614,13,1,119000,0,0,3570,11900,4760,2380,0,0,0,0,0,0,5833,0,2357,0,0,0,0,0,0
4,1,614,13,2,72100,0,0,2163,7210,2884,1442,0,0,0,0,0,0,30185,0,1116,0,0,0,0,0,0
4,1,614,13,4,55378800,0,0,6645456,5537880,2215152,1107576,0,0,0,0,0,0,-2685416,0,663532,0,0,0,0,0,0
4,1,614,13,5,7639700,0,0,916764,763970,305588,152794,0,0,0,0,0,0,-47228,166428,0,0,0,0,0,0,0
4,1,614,13,6,56280100,0,0,6753612,5628010,2251204,1125602,0,0,0,0,0,0,-2851655,0,721367,0,0,0,0,0,0
4,1,614,14,1,33800,0,0,1014,3380,1352,676,0,0,0,0,0,0,-352,0,430,0,0,0,0,0,0
4,1,614,14,2,213800,0,0,6414,21380,8552,4276,0,0,0,0,0,0,178,39631,381,0,0,0,0,0,0
4,1,614,14,4,48240000,0,0,5788800,4824000,1929600,964800,0,0,0,0,0,0,6810429,1188186,101677,0,0,0,0,0,0
4,1,614,14,5,7246900,0,0,869628,724690,289876,144938,0,0,0,0,0,0,923005,961787,0,0,0,0,0,0,0
4,1,614,14,6,66929900,0,0,8031588,6692990,2677196,1338598,0,0,0,0,0,0,5473162,386884,0,0,0,0,0,0,0
1,2,615,1,1,382100,0,0,11463,38210,15284,7642,0,0,0,0,0,0,-48194,8905,0,0,0,0,0,0,0
1,2,615,1,2,915700,0,0,27471,91570,36628,18314,0,0,0,0,0,0,14612,45915,0,0,0,0,0,0,0
1,2,615,1,4,82767400,0,0,9932088,8276740,3310696,1655348,0,0,0,0,0,0,1094683,0,638515,0,0,0,0,0,0
1,2,615,1,5,19816500,0,0,2377980,1981650,792660,396330,0,0,0,0,0,0,1516848,0,114282,0,0,0,0,0,0
1,2,615,1,6,90731900,0,0,10887828,9073190,3629276,1814638,0,0,0,0,0,0,8810854,144646,0,0,0,0,0,0,0
1,2,615,2,1,259000,0,0,7770,25900,10360,5180,0,0,0,0,0,0,16905,0,105,0,0,0,0,0,0
1,2,615,2,2,421300,0,0,12639,42130,16852,8426,0,0,0,0,0,0,-79562,5025,0,0,0,0,0,0,10000
1,2,615,2,4,82326800,0,0,9879216,8232680,3293072,1646536,0,0,0,0,0,0,5554855,0,38921,0,0,0,0,0,0
1,2,615,2,5,23447200,0,0,2813664,2344720,937888,468944,0,0,0,0,0,0,1384396,57442,0,0,0,0,0,0,0
1,2,615,2,6,77603500,0,0,9312420,7760350,3104140,1552070,0,0,0,0,0,0,-992839,187771,0,0,0,0,0,0,0
1,2,615,3,1,363400,0,0,10902,36340,14536,7268,0,0,0,0,0,0,3536,2462,0,0,0,0,0,0,0
1,2,615,3,2,329800,0,0,9894,32980,13192,6596,0,0,0,0,0,0,-4162,19963,803,0,0,0,0,0,0
1,2,615,3,4,126878800,0,0,15225456,12687880,5075152,2537576,0,0,0,0,0,0,1339489,0,2529887,0,0,0,0,0,0
1,2,615,3,5,29129700,0,0,3495564,2912970,1165188,582594,0,0,0,0,0,0,-679423,355023,0,0,0,0,0,0,0
1,2,615,3,6,132406100,0,0,15888732,13240610,5296244,2648122,0,0,0,0,0,0,-7417676,385132,0,0,0,0,0,0,0
1,2,615,4,1,553300,0,0,16599,55330,22132,11066,0,0,0,0,0,0,-33855,16652,0,0,0,0,0,0,0
1,2,615,4,2,232400,0,0,6972,23240,9296,4648,0,0,0,0,0,0,-7182,4224,0,0,0,0,0,0,0
1,2,615,4,4,161142700,0,0,19337124,16114270,6445708,3222854,0,0,0,0,0,0,-5851505,0,2276009,0,0,0,0,0,70600
1,2,615,4,5,35658000,0,0,4278960,3565800,1426320,713160,0,0,0,0,0,0,-1186569,650771,0,0,0,0,0,0,0
1,2,615,4,6,142521600,0,0,17102592,14252160,5700864,2850432,0,0,0,0,0,0,7854592,0,690260,0,0,0,0,0,10300
