1,1,614,1,1,1,"6",172700,340,340,0,0
1,1,614,1,2,1,"4",63700,374,370,0,0
1,1,614,1,2,2,"6",152200,132,130,0,0
1,1,614,1,4,1,"6/4",8880900,1495,1490,0,0
1,1,614,1,5,1,"4/6",3567700,936,930,0,0
1,1,614,1,6,1,"6/4/7",879700,12166,12160,3090,300
1,1,614,2,1,1,"2",48600,1179,1170,0,0
1,1,614,2,2,1,"1",103400,260,260,0,0
1,1,614,2,2,2,"2",60100,486,480,0,0
1,1,614,2,4,1,"2/1",2042400,6373,6370,0,0
1,1,614,2,5,1,"1/2",1598000,2719,2710,0,0
1,1,614,2,6,1,"2/1/5",2486500,5178,5170,0,0
1,1,614,3,1,1,"3",49900,1267,1260,0,0
1,1,614,3,2,1,"2",77200,485,480,0,0
1,1,614,3,2,2,"3",128200,207,200,0,0
1,1,614,3,4,1,"3/2",1442000,8100,8100,2040,200
1,1,614,3,5,1,"2/3",711900,5666,5660,0,0
1,1,614,3,6,1,"3/2/6",3433800,4810,4810,0,0
1,1,614,4,1,1,"7",429800,183,180,0,0
1,1,614,4,2,1,"1",182600,149,140,0,0
1,1,614,4,2,2,"7",242400,135,130,0,0
1,1,614,4,4,1,"7/1",65625200,276,270,0,0
1,1,614,4,5,1,"1/7",25243100,180,180,0,0
1,1,614,4,6,1,"7/1/2",12873100,1371,1370,0,0
1,1,614,5,1,1,"1",223900,257,250,0,0
1,1,614,5,2,1,"1",187100,181,180,0,0
1,1,614,5,2,2,"3",116100,230,230,0,0
1,1,614,5,4,1,"1/3",24669200,800,800,0,0
1,1,614,5,5,1,"1/3",9009400,549,540,0,0
1,1,614,5,6,1,"1/3/6",63943800,279,270,0,0
1,1,614,6,1,1,"2",621100,132,130,0,0
1,1,614,6,2,1,"2",258000,115,110,0,0
1,1,614,6,2,2,"6",205800,202,200,0,0
1,1,614,6,4,1,"2/6",37686000,533,530,0,0
1,1,614,6,5,1,"2/6",9892200,462,460,0,0
1,1,614,6,6,1,"2/6/7",21782200,907,900,0,0
1,1,614,7,1,1,"5",186900,209,200,0,0
1,1,614,7,2,1,"1",191200,168,160,0,0
1,1,614,7,2,2,"5",238200,144,140,0,0
1,1,614,7,4,1,"5/1",49493000,410,410,0,0
1,1,614,7,5,1,"1/5",20211700,249,240,0,0
1,1,614,7,6,1,"5/1/7",30755600,733,730,0,0
1,1,614,8,1,1,"1",405700,148,140,0,0
1,1,614,8,2,1,"1",494500,102,100,0,0
1,1,614,8,2,2,"2",151900,255,250,0,0
1,1,614,8,4,1,"1/2",50494800,459,450,0,0
1,1,614,8,5,1,"1/2",15947400,321,320,0,0
1,1,614,8,6,1,"1/2/4",57125900,390,390,0,0
1,1,614,9,1,1,"3",265700,155,150,0,0
1,1,614,9,2,1,"3",278500,99,100,0,0
1,1,614,9,2,2,"5",64700,262,260,0,0
1,1,614,9,4,1,"3/5",40029000,558,550,0,0
1,1,614,9,5,1,"3/5",14583000,394,390,0,0
1,1,614,9,6,1,"3/5/7",7466600,2980,2980,0,0
1,1,614,10,1,1,"7",346400,174,170,0,0
1,1,614,10,2,1,"5",108700,312,310,0,0
1,1,614,10,2,2,"7",193900,163,160,0,0
1,1,614,10,4,1,"7/5",16525900,1431,1430,0,0
1,1,614,10,5,1,"5/7",5081600,1085,1080,0,0
1,1,614,10,6,1,"7/5/6",4425200,4586,4580,0,0
1,1,614,11,1,1,"6",224000,273,270,0,0
1,1,614,11,2,1,"5",200500,174,170,0,0
1,1,614,11,2,2,"6",207900,172,170,0,0
1,1,614,11,4,1,"6/5",58894900,456,450,0,0
1,1,614,11,5,1,"5/6",25409900,261,260,0,0
1,1,614,11,6,1,"6/5/7",8697700,2893,2890,0,0
1,1,614,12,1,1,"7",582900,109,100,0,0
1,1,614,12,2,1,"4",104200,419,410,0,0
1,1,614,12,2,2,"7",395000,108,100,0,0
1,1,614,12,4,1,"7/4",44439600,536,530,0,0
1,1,614,12,5,1,"4/7",7306000,494,490,0,0
1,1,614,12,6,1,"7/4/1",85248400,411,410,0,0
1,1,614,13,1,1,"6",455700,148,140,0,0
1,1,614,13,2,1,"6",401500,109,100,0,0
1,1,614,13,2,2,"7",114600,115,110,0,0
1,1,614,13,4,1,"6/7",167827900,198,190,0,0
1,1,614,13,5,1,"6/7",47180200,140,140,0,0
1,1,614,13,6,1,"6/7/2",159386800,198,190,0,0
1,1,614,14,1,1,"2",283000,137,130,0,0
1,1,614,14,2,1,"2",691100,93,100,0,0
1,1,614,14,2,2,"3",50700,559,550,0,0
1,1,614,14,2,3,"7",482200,64,100,0,0
1,1,614,14,4,1,"2/3",32253200,498,490,0,0
1,1,614,14,4,2,"2/7",175323400,97,100,0,0
1,1,614,14,5,1,"2/3",6034100,492,490,0,0
1,1,614,14,5,2,"2/7",37886200,77,100,0,0
1,1,614,14,6,1,"2/3/7",92686000,450,450,0,0
2,1,614,1,1,1,"6",14000,340,340,0,0
2,1,614,1,2,1,"4",1000,374,370,0,0
2,1,614,1,2,2,"6",33500,132,130,0,0
2,1,614,1,4,1,"6/4",2363200,1495,1490,0,0
2,1,614,1,5,1,"4/6",1143500,936,930,0,0
2,1,614,1,6,1,"6/4/7",217500,12166,12160,3090,300
2,1,614,2,1,1,"2",0,1179,1170,0,0
2,1,614,2,2,1,"1",10500,260,260,0,0
2,1,614,2,2,2,"2",1000,486,480,0,0
2,1,614,2,4,1,"2/1",365000,6373,6370,0,0
2,1,614,2,5,1,"1/2",316900,2719,2710,0,0
2,1,614,2,6,1,"2/1/5",469800,5178,5170,0,0
2,1,614,3,1,1,"3",7000,1267,1260,0,0
2,1,614,3,2,1,"2",6500,485,480,0,0
2,1,614,3,2,2,"3",25000,207,200,0,0
2,1,614,3,4,1,"3/2",396600,8100,8100,2040,200
2,1,614,3,5,1,"2/3",196000,5666,5660,0,0
2,1,614,3,6,1,"3/2/6",574600,4810,4810,0,0
2,1,614,4,1,1,"7",5500,183,180,0,0
2,1,614,4,2,1,"1",72000,149,140,0,0
2,1,614,4,2,2,"7",25100,135,130,0,0
2,1,614,4,4,1,"7/1",19258400,276,270,0,0
2,1,614,4,5,1,"1/7",4736700,180,180,0,0
2,1,614,4,6,1,"7/1/2",3071700,1371,1370,0,0
2,1,614,5,1,1,"1",46500,257,250,0,0
2,1,614,5,2,1,"1",66200,181,180,0,0
2,1,614,5,2,2,"3",87300,230,230,0,0
2,1,614,5,4,1,"1/3",5964500,800,800,0,0
2,1,614,5,5,1,"1/3",2847900,549,540,0,0
2,1,614,5,6,1,"1/3/6",11545900,279,270,0,0
2,1,614,6,1,1,"2",77000,132,130,0,0
2,1,614,6,2,1,"2",49000,115,110,0,0
2,1,614,6,2,2,"6",13000,202,200,0,0
2,1,614,6,4,1,"2/6",5803800,533,530,0,0
2,1,614,6,5,1,"2/6",1586100,462,460,0,0
2,1,614,6,6,1,"2/6/7",4474900,907,900,0,0
2,1,614,7,1,1,"5",72500,209,200,0,0
2,1,614,7,2,1,"1",9900,168,160,0,0
2,1,614,7,2,2,"5",8000,144,140,0,0
2,1,614,7,4,1,"5/1",11878600,410,410,0,0
2,1,614,7,5,1,"1/5",4742600,249,240,0,0
2,1,614,7,6,1,"5/1/7",5509500,733,730,0,0
2,1,614,13,1,1,"6",66000,148,140,0,0
2,1,614,13,2,1,"6",20000,109,100,0,0
2,1,614,13,2,2,"7",310000,115,110,0,0
2,1,614,13,4,1,"6/7",36430700,198,190,0,0
2,1,614,13,5,1,"6/7",9866000,140,140,0,0
2,1,614,13,6,1,"6/7/2",34743500,198,190,0,0
2,1,614,14,1,1,"2",30000,137,130,0,0
2,1,614,14,2,1,"2",22200,93,100,0,0
2,1,614,14,2,2,"3",6500,559,550,0,0
2,1,614,14,2,3,"7",54200,64,100,0,0
2,1,614,14,4,1,"2/3",4856800,498,490,0,0
2,1,614,14,4,2,"2/7",23434600,97,100,0,0
2,1,614,14,5,1,"2/3",980000,492,490,0,0
2,1,614,14,5,2,"2/7",7995000,77,100,0,0
2,1,614,14,6,1,"2/3/7",16628900,450,450,0,0
4,1,614,1,1,1,"6",36000,340,340,0,0
4,1,614,1,2,1,"4",6300,374,370,0,0
4,1,614,1,2,2,"6",20500,132,130,0,0
4,1,614,1,4,1,"6/4",1505000,1495,1490,0,0
4,1,614,1,5,1,"4/6",575400,936,930,0,0
4,1,614,1,6,1,"6/4/7",101200,12166,12160,3090,300
4,1,614,2,1,1,"2",7000,1179,1170,0,0
4,1,614,2,2,1,"1",2500,260,260,0,0
4,1,614,2,2,2,"2",600,486,480,0,0
4,1,614,2,4,1,"2/1",425000,6373,6370,0,0
4,1,614,2,5,1,"1/2",306500,2719,2710,0,0
4,1,614,2,6,1,"2/1/5",582800,5178,5170,0,0
4,1,614,3,1,1,"3",1000,1267,1260,0,0
4,1,614,3,2,1,"2",3500,485,480,0,0
4,1,614,3,2,2,"3",54000,207,200,0,0
4,1,614,3,4,1,"3/2",343600,8100,8100,2040,200
4,1,614,3,5,1,"2/3",106800,5666,5660,0,0
4,1,614,3,6,1,"3/2/6",628800,4810,4810,0,0
4,1,614,4,1,1,"7",37800,183,180,0,0
4,1,614,4,2,1,"1",7000,149,140,0,0
4,1,614,4,2,2,"7",21500,135,130,0,0
4,1,614,4,4,1,"7/1",9031300,276,270,0,0
4,1,614,4,5,1,"1/7",3170100,180,180,0,0
4,1,614,4,6,1,"7/1/2",1892200,1371,1370,0,0
4,1,614,5,1,1,"1",13700,257,250,0,0
4,1,614,5,2,1,"1",41300,181,180,0,0
4,1,614,5,2,2,"3",27000,230,230,0,0
4,1,614,5,4,1,"1/3",2751000,800,800,0,0
4,1,614,5,5,1,"1/3",788100,549,540,0,0
4,1,614,5,6,1,"1/3/6",10525900,279,270,0,0
4,1,614,6,1,1,"2",13800,132,130,0,0
4,1,614,6,2,1,"2",106000,115,110,0,0
4,1,614,6,2,2,"6",12000,202,200,0,0
4,1,614,6,4,1,"2/6",3051100,533,530,0,0
4,1,614,6,5,1,"2/6",451400,462,460,0,0
4,1,614,6,6,1,"2/6/7",2725000,907,900,0,0
4,1,614,7,1,1,"5",12000,209,200,0,0
4,1,614,7,2,1,"1",51200,168,160,0,0
4,1,614,7,2,2,"5",51000,144,140,0,0
4,1,614,7,4,1,"5/1",8562200,410,410,0,0
4,1,614,7,5,1,"1/5",3702400,249,240,0,0
4,1,614,7,6,1,"5/1/7",3957500,733,730,0,0
4,1,614,8,1,1,"1",23100,148,140,0,0
4,1,614,8,2,1,"1",26300,102,100,0,0
4,1,614,8,2,2,"2",51200,255,250,0,0
4,1,614,8,4,1,"1/2",4941000,459,450,0,0
4,1,614,8,5,1,"1/2",2276100,321,320,0,0
4,1,614,8,6,1,"1/2/4",9119900,390,390,0,0
4,1,614,9,1,1,"3",165000,155,150,0,0
4,1,614,9,2,1,"3",11900,99,100,0,0
4,1,614,9,2,2,"5",42000,262,260,0,0
4,1,614,9,4,1,"3/5",5987800,558,550,0,0
4,1,614,9,5,1,"3/5",2154000,394,390,0,0
4,1,614,9,6,1,"3/5/7",905600,2980,2980,0,0
4,1,614,10,1,1,"7",81000,174,170,0,0
4,1,614,10,2,1,"5",2000,312,310,0,0
4,1,614,10,2,2,"7",21000,163,160,0,0
4,1,614,10,4,1,"7/5",1980500,1431,1430,0,0
4,1,614,10,5,1,"5/7",883000,1085,1080,0,0
4,1,614,10,6,1,"7/5/6",702500,4586,4580,0,0
4,1,614,11,1,1,"6",28000,273,270,0,0
4,1,614,11,2,1,"5",9000,174,170,0,0
4,1,614,11,2,2,"6",3900,172,170,0,0
4,1,614,11,4,1,"6/5",9216100,456,450,0,0
4,1,614,11,5,1,"5/6",2647500,261,260,0,0
4,1,614,11,6,1,"6/5/7",757900,2893,2890,0,0
4,1,614,12,1,1,"7",70800,109,100,0,0
4,1,614,12,2,1,"4",20100,419,410,0,0
4,1,614,12,2,2,"7",102900,108,100,0,0
4,1,614,12,4,1,"7/4",5167100,536,530,0,0
4,1,614,12,5,1,"4/7",451900,494,490,0,0
4,1,614,12,6,1,"7/4/1",8707000,411,410,0,0
4,1,614,13,1,1,"6",63000,148,140,0,0
4,1,614,13,2,1,"6",27100,109,100,0,0
4,1,614,13,2,2,"7",0,115,110,0,0
4,1,614,13,4,1,"6/7",22049800,198,190,0,0
4,1,614,13,5,1,"6/7",4081600,140,140,0,0
4,1,614,13,6,1,"6/7/2",22448400,198,190,0,0
4,1,614,14,1,1,"2",21000,137,130,0,0
4,1,614,14,2,1,"2",100700,93,100,0,0
4,1,614,14,2,2,"3",7700,559,550,0,0
4,1,614,14,2,3,"7",69200,64,100,0,0
4,1,614,14,4,1,"2/3",2828200,498,490,0,0
4,1,614,14,4,2,"2/7",15150700,97,100,0,0
4,1,614,14,5,1,"2/3",357500,492,490,0,0
4,1,614,14,5,2,"2/7",3504800,77,100,0,0
4,1,614,14,6,1,"2/3/7",9578500,450,450,0,0
1,2,615,1,1,1,"2",282000,130,130,0,0
1,2,615,1,2,1,"2",460900,100,100,0,0
1,2,615,1,2,2,"5",115600,270,270,0,0
1,2,615,1,4,1,"2/5",18664300,310,310,0,0
1,2,615,1,5,1,"2/5",5054700,250,250,0,0
1,2,615,1,6,1,"2/5/7",7264200,780,780,0,0
1,2,615,2,1,1,"6",15300,1260,1260,0,0
1,2,615,2,2,1,"4",176800,130,130,0,0
1,2,615,2,2,2,"6",39200,500,500,0,0
1,2,615,2,4,1,"6/4",1903600,2820,2820,0,0
1,2,615,2,5,1,"4/6",1874100,830,830,0,0
1,2,615,2,6,1,"2/4/6",4715300,1210,1210,0,0
1,2,615,3,1,1,"3",244400,120,120,0,0
1,2,615,3,2,1,"2",161700,100,100,0,0
1,2,615,3,2,2,"3",107300,120,120,0,0
1,2,615,3,4,1,"3/2",51460800,170,170,0,0
1,2,615,3,5,1,"2/3",16929100,130,130,0,0
1,2,615,3,6,1,"1/2/3",36834000,280,280,0,0
1,2,615,4,1,1,"7",383600,130,130,0,0
1,2,615,4,2,1,"1",64300,190,190,0,0
1,2,615,4,2,2,"7",59600,130,130,0,0
1,2,615,4,4,1,"7/1",49832600,240,240,0,0
1,2,615,4,5,1,"1/7",16183000,170,170,0,0
1,2,615,4,6,1,"1/6/7",31356900,300,300,0,0
