1,1,612,20,4,009465,009455,0A0B-1803-8618,321600,2000,63800,6200,251600
1,1,612,27,1,008720,008760,7418-9E61-8618,1608000,10000,319000,31000,1258000
1,1,614,6,4,008884,320001,000A-46DD-8619,155500,1000,30900,3000,121600
1,1,614,6,4,008884,310001,020B-3BBD-8619,77750,500,15450,1500,60800
1,1,614,22,5,008256,008256,EA0B-3327-8619,155500,1000,30900,3000,121600
1,1,614,2,3,003313,003314,E20B-509B-8619,777500,5000,154500,15000,608000
1,1,614,28,1,008808,008808,420D-5F07-8619,311000,2000,61800,6000,243200
1,1,614,25,2,008524,008524,840B-CA27-8619,155500,1000,30900,3000,121600
1,1,614,17,1,007704,007703,DE0C-F0DB-8619,777500,5000,154500,15000,608000
1,1,614,1,2,002125,002413,180B-4D89-8619,311000,2000,61800,6000,243200
1,1,614,21,3,008169,008172,0C0A-FA47-8619,311000,2000,61800,6000,243200
1,1,614,24,2,008411,008410,280C-7FB1-8619,311000,2000,61800,6000,243200
1,1,614,21,3,008164,008167,680B-480B-8619,77750,500,15450,1500,60800
1,1,614,1,8,002431,002431,5C0B-2EDD-8619,311000,2000,61800,6000,243200
1,1,614,24,2,008417,008418,060D-A7F9-8619,155500,1000,30900,3000,121600
1,1,614,22,5,008258,008254,920C-F539-8619,777500,5000,154500,15000,608000
1,1,614,21,5,009542,009542,3C0D-74A3-8619,777500,5000,154500,15000,608000
1,1,614,20,2,008034,008035,280B-602B-8619,77750,500,15450,1500,60800
1,1,614,1,6,002327,002331,9A0C-4631-8619,155500,1000,30900,3000,121600
1,1,614,15,2,007423,007421,C00C-D667-8619,233250,1500,46350,4500,182400
1,1,614,20,1,008042,008043,680C-CE75-8619,77750,500,15450,1500,60800
1,1,614,11,2,007126,007127,500D-BEAB-8619,1555000,10000,309000,30000,1216000
1,1,614,27,1,008715,008717,960B-6C51-8619,311000,2000,61800,6000,243200
1,1,614,20,1,008045,008045,400B-53E1-8619,311000,2000,61800,6000,243200
1,1,614,15,3,007451,009201,E60B-8645-8619,466500,3000,92700,9000,364800
1,1,614,11,6,009015,009012,560B-04BD-8619,77750,500,15450,1500,60800
1,1,614,20,3,008021,008021,080D-7437-8619,155500,1000,30900,3000,121600
1,1,614,25,4,008546,008545,C80D-2217-8619,155500,1000,30900,3000,121600
1,1,614,15,3,007451,009206,7A0C-CDA7-8619,777500,5000,154500,15000,608000
1,1,614,12,3,009065,009067,CA0A-C5AD-8619,466500,3000,92700,9000,364800
1,1,614,14,3,007637,007633,8E0D-280B-8619,466500,3000,92700,9000,364800
1,1,614,27,5,008733,009822,B80A-CD87-8619,388750,2500,77250,7500,304000
1,1,614,24,2,008410,008410,FE0C-415B-8619,77750,500,15450,1500,60800
1,1,614,16,4,007571,007583,420B-6715-8619,77750,500,15450,1500,60800
1,1,614,14,3,007635,007633,D20D-79B5-8619,311000,2000,61800,6000,243200
1,1,614,1,4,002230,002228,A20D-D799-8619,3110000,20000,618000,60000,2432000
1,1,614,26,2,008616,008619,020B-F653-8619,3110000,20000,618000,60000,2432000
1,1,614,19,2,007919,007917,6E0B-EF8B-8619,311000,2000,61800,6000,243200
1,1,614,17,1,007736,007736,580B-E0B5-8619,155500,1000,30900,3000,121600
1,1,614,1,1,002112,002112,B00B-A667-8619,77750,500,15450,1500,60800
1,1,614,18,2,007814,007814,500D-2471-8619,155500,1000,30900,3000,121600
1,1,614,1,6,002329,002232,480B-F201-8619,155500,1000,30900,3000,121600
1,1,614,17,1,007731,007731,B60B-BA35-8619,1555000,10000,309000,30000,1216000
1,1,614,18,1,007808,007807,9C0B-DC59-8619,311000,2000,61800,6000,243200
1,1,614,20,2,008038,008037,D40D-2169-8619,77750,500,15450,1500,60800
1,1,614,8,3,002316,002315,340B-C0A5-8619,3887500,25000,772500,75000,3040000
1,1,614,1,4,002231,002230,E00D-88B9-8619,777500,5000,154500,15000,608000
1,1,614,12,3,007256,007256,360B-4CD9-8619,155500,1000,30900,3000,121600
1,1,614,17,1,007701,007703,E40C-D427-8619,311000,2000,61800,6000,243200
1,1,614,18,1,007804,007806,3A0C-CA23-8619,466500,3000,92700,9000,364800
1,1,614,21,3,008168,008168,340B-6057-8619,155500,1000,30900,3000,121600
1,1,614,11,3,007133,007123,800B-EDC3-8619,466500,3000,92700,9000,364800
1,1,614,1,7,002414,002414,7C0B-71EF-8619,155500,1000,30900,3000,121600
1,1,614,27,3,008702,008702,0C0B-AD49-8619,466500,3000,92700,9000,364800
1,1,614,16,4,007582,007583,7A0B-48DD-8619,466500,3000,92700,9000,364800
1,1,614,18,1,007810,007812,9E0D-28B9-8619,46650,300,9270,900,36480
1,1,614,20,3,008027,008027,920C-67A9-8619,155500,1000,30900,3000,121600
1,1,614,16,3,007552,007552,7C0C-CE01-8619,311000,2000,61800,6000,243200
1,1,614,16,4,007583,007582,A20B-B3B1-8619,311000,2000,61800,6000,243200
1,1,614,12,2,007216,007217,580B-1115-8619,155500,1000,30900,3000,121600
1,1,614,27,10,008773,008771,CC0C-98F5-8619,233250,1500,46350,4500,182400
1,1,614,18,2,007814,007814,380B-7627-8619,155500,1000,30900,3000,121600
1,1,614,23,1,008307,008307,620C-2983-8619,155500,1000,30900,3000,121600
1,1,614,16,2,007539,007533,020C-C915-8619,466500,3000,92700,9000,364800
1,1,614,27,9,008761,008760,760B-9C6B-8619,155500,1000,30900,3000,121600
1,1,614,20,4,009465,009463,C20B-19AB-8619,155500,1000,30900,3000,121600
1,1,614,26,4,008637,008637,9A0C-8C93-8619,777500,5000,154500,15000,608000
1,1,614,21,5,009542,009540,060A-EBDF-8619,31100,200,6180,600,24320
1,1,614,20,4,009463,009461,820C-3433-8619,77750,500,15450,1500,60800
1,1,614,23,1,008322,008310,D60D-7A11-8619,155500,1000,30900,3000,121600
1,1,614,23,1,008330,008328,680D-8067-8619,77750,500,15450,1500,60800
1,1,614,20,4,009463,009463,340C-FD07-8619,77750,500,15450,1500,60800
1,1,614,27,9,008756,008759,6C0D-C9E5-8619,311000,2000,61800,6000,243200
1,1,614,20,4,009454,009463,260B-391F-8619,46650,300,9270,900,36480
1,1,614,20,3,008021,008021,180C-C8AF-8619,466500,3000,92700,9000,364800
1,1,614,17,2,007714,007715,9C0D-03C7-8619,466500,3000,92700,9000,364800
1,1,614,28,3,009911,009912,040A-F26B-8619,622000,4000,123600,12000,486400
1,1,614,27,9,008756,008760,C80C-1457-8619,155500,1000,30900,3000,121600
1,1,614,19,2,007922,007924,2A0B-2BDD-8619,77750,500,15450,1500,60800
1,1,614,18,2,007813,007813,340C-CA8D-8619,46650,300,9270,900,36480
1,1,614,27,5,008735,008733,460C-4AF5-8619,155500,1000,30900,3000,121600
1,1,614,20,2,008039,008036,D40B-1B7B-8619,155500,1000,30900,3000,121600
1,1,614,1,4,002228,002231,EA0B-BCA3-8619,155500,1000,30900,3000,121600
1,1,614,17,2,007720,007722,C00B-3591-8619,311000,2000,61800,6000,243200
1,1,614,11,2,007125,007124,040B-13B3-8619,77750,500,15450,1500,60800
1,1,614,14,1,007614,007615,5A0B-4A71-8619,77750,500,15450,1500,60800
1,1,614,12,2,007220,007220,E20C-6B63-8619,155500,1000,30900,3000,121600
1,1,614,23,1,008311,008309,980B-EEDD-8619,311000,2000,61800,6000,243200
1,1,614,21,5,009540,009540,B20D-06AD-8619,777500,5000,154500,15000,608000
1,1,614,25,7,009724,009726,120C-1B1B-8619,777500,5000,154500,15000,608000
1,1,614,12,3,007263,007264,800D-7ECD-8619,155500,1000,30900,3000,121600
1,1,614,21,6,008192,008192,DA0B-E74D-8619,155500,1000,30900,3000,121600
1,1,614,11,2,007126,007122,EE0C-A703-8619,77750,500,15450,1500,60800
1,1,614,16,4,007571,007572,560B-54B5-8619,233250,1500,46350,4500,182400
1,1,614,27,5,009825,009826,AC0B-58C3-8619,155500,1000,30900,3000,121600
1,1,614,13,2,007315,007301,DC0D-CFAD-8619,155500,1000,30900,3000,121600
1,1,614,22,6,008266,008265,4E0B-71DD-8619,1555000,10000,309000,30000,1216000
1,1,614,8,4,002404,002430,D20C-41D7-8619,466500,3000,92700,9000,364800
1,1,614,14,1,007605,007606,280C-0AF9-8619,777500,5000,154500,15000,608000
1,1,614,27,9,008761,008759,FE0B-34EF-8619,466500,3000,92700,9000,364800
1,1,614,13,2,007314,007307,540C-CC6F-8619,77750,500,15450,1500,60800
1,1,614,11,7,009024,009026,380C-8639-8619,311000,2000,61800,6000,243200
1,1,614,21,1,009502,009503,AC0C-43C5-8619,15550,100,3090,300,12160
1,1,614,21,5,008181,008182,360B-AC75-8619,311000,2000,61800,6000,243200
1,1,614,14,1,007612,007609,E80C-898D-8619,155500,1000,30900,3000,121600
1,1,614,20,2,008038,008038,A00B-68DB-8619,155500,1000,30900,3000,121600
1,1,614,26,4,008636,008636,540D-479F-8619,2332500,15000,463500,45000,1824000
1,1,614,27,1,008715,008715,060C-08AB-8619,155500,1000,30900,3000,121600
1,1,614,16,4,007582,007571,F80C-D49D-8619,155500,1000,30900,3000,121600
1,1,614,19,2,007921,007921,200B-9E01-8619,311000,2000,61800,6000,243200
1,1,614,20,5,008007,008007,F60B-8655-8619,311000,2000,61800,6000,243200
1,1,614,27,4,008785,008786,020A-F005-8619,15550,100,3090,300,12160
1,1,614,16,4,007577,007573,820D-4ACD-8619,155500,1000,30900,3000,121600
1,1,614,19,1,007907,007901,5E0D-5645-8619,77750,500,15450,1500,60800
1,1,614,24,2,008410,008411,600D-4467-8619,155500,1000,30900,3000,121600
1,1,614,24,1,008403,008402,7E0B-4957-8619,1555000,10000,309000,30000,1216000
1,1,614,16,3,007566,007556,420C-8F8F-8619,155500,1000,30900,3000,121600
1,1,614,20,4,009456,009455,620B-73BB-8619,1555000,10000,309000,30000,1216000
1,1,614,23,1,008323,008323,B60D-B0BD-8619,622000,4000,123600,12000,486400
1,1,614,20,4,009456,009455,620B-6369-8619,622000,4000,123600,12000,486400
1,1,614,28,3,009912,009912,440D-D985-8619,777500,5000,154500,15000,608000
1,1,614,21,4,008172,008164,360C-3DC9-8619,466500,3000,92700,9000,364800
1,1,614,28,3,009901,009904,900D-B3DD-8619,777500,5000,154500,15000,608000
1,1,614,17,1,007732,007731,EE0D-2133-8619,777500,5000,154500,15000,608000
1,1,614,24,5,008449,008448,6A0C-A089-8619,1555000,10000,309000,30000,1216000
1,1,614,26,2,008619,008619,4E0B-8C5D-8619,311000,2000,61800,6000,243200
1,1,614,27,10,008779,008778,A40D-6E93-8619,466500,3000,92700,9000,364800
1,1,614,20,3,008021,008022,D60B-CEFB-8619,155500,1000,30900,3000,121600
1,1,614,27,8,008746,008746,000D-BB77-8619,155500,1000,30900,3000,121600
1,1,614,20,5,008008,008008,540D-BD4D-8619,466500,3000,92700,9000,364800
1,1,614,1,5,002304,002305,DC0D-9535-8619,155500,1000,30900,3000,121600
1,1,614,20,4,009457,009457,7A0D-27FF-8619,15550,100,3090,300,12160
1,1,614,1,5,002306,002306,740C-0DA1-8619,155500,1000,30900,3000,121600
1,1,614,14,2,007629,007626,380B-61FF-8619,155500,1000,30900,3000,121600
1,1,614,11,7,009026,009026,660A-B5DD-8619,466500,3000,92700,9000,364800
1,1,614,13,2,009101,007310,4C0B-81D5-8619,155500,1000,30900,3000,121600
1,1,614,1,2,002125,002125,D20C-2549-8619,311000,2000,61800,6000,243200
1,1,614,16,2,007530,007539,200D-8555-8619,777500,5000,154500,15000,608000
1,1,614,11,2,007123,007133,C80B-0317-8619,155500,1000,30900,3000,121600
1,1,614,2,4,003414,003414,9A0C-BFF1-8619,155500,1000,30900,3000,121600
1,1,614,16,2,007540,007539,1A0D-A845-8619,311000,2000,61800,6000,243200
1,1,614,18,1,007803,007826,BA0C-02FF-8619,466500,3000,92700,9000,364800
1,1,614,20,4,009463,009460,E20D-213F-8619,311000,2000,61800,6000,243200
1,1,614,16,3,007556,007551,6A0B-9D55-8619,155500,1000,30900,3000,121600
1,1,614,12,3,007261,007261,5E0C-4ACD-8619,466500,3000,92700,9000,364800
1,1,614,16,2,007528,007545,300C-6FF5-8619,777500,5000,154500,15000,608000
1,1,614,1,3,002215,002215,AE0D-7BA7-8619,311000,2000,61800,6000,243200
1,1,614,13,5,007335,007322,160D-A789-8619,466500,3000,92700,9000,364800
1,1,614,11,5,009005,009005,700C-BE79-8619,77750,500,15450,1500,60800
1,1,614,14,1,007604,007604,460B-8CB3-8619,466500,3000,92700,9000,364800
1,1,614,12,4,007273,007273,E80C-7D7F-8619,155500,1000,30900,3000,121600
1,1,614,27,3,008702,008761,D20C-E66B-8619,155500,1000,30900,3000,121600
1,1,614,14,3,007639,007638,660C-0E13-8619,777500,5000,154500,15000,608000
1,1,614,16,2,007534,007532,7C0C-FA6D-8619,466500,3000,92700,9000,364800
1,1,614,21,5,008181,008182,5C0D-61BB-8619,155500,1000,30900,3000,121600
1,1,614,3,4,004413,004414,BC0D-BF47-8619,155500,1000,30900,3000,121600
1,1,614,18,3,007834,007820,2A0C-E7B1-8619,155500,1000,30900,3000,121600
1,1,614,27,3,008725,008723,8E0C-57EB-8619,155500,1000,30900,3000,121600
1,1,614,13,1,007301,007305,C60D-01FF-8619,777500,5000,154500,15000,608000
1,1,614,13,2,009104,007315,4E0B-8CDB-8619,155500,1000,30900,3000,121600
1,1,614,27,10,008778,008778,020A-EF55-8619,31100,200,6180,600,24320
1,1,614,1,8,002423,002424,9C0B-EF39-8619,777500,5000,154500,15000,608000
1,1,614,16,1,007504,007506,8C0B-3207-8619,77750,500,15450,1500,60800
1,1,614,12,4,007276,007274,BA0D-56C1-8619,155500,1000,30900,3000,121600
1,1,614,21,1,008141,008141,040D-7605-8619,311000,2000,61800,6000,243200
1,1,614,20,1,008041,008044,900D-7FFF-8619,124400,800,24720,2400,97280
1,1,614,1,8,002425,002423,D00B-5C27-8619,155500,1000,30900,3000,121600
1,1,614,17,1,007734,007704,080B-2867-8619,466500,3000,92700,9000,364800
1,1,614,27,5,009824,009828,180C-932B-8619,311000,2000,61800,6000,243200
1,1,614,16,4,007571,007582,720C-A137-8619,311000,2000,61800,6000,243200
1,1,614,18,3,007833,007834,FA0C-4019-8619,466500,3000,92700,9000,364800
1,1,614,1,2,002122,002120,FC0D-5B1D-8619,622000,4000,123600,12000,486400
1,1,614,27,2,009804,009802,A40A-A39D-8619,31100,200,6180,600,24320
1,1,614,25,9,009740,009740,580C-4989-8619,46650,300,9270,900,36480
1,1,614,20,2,008037,008037,780B-9C05-8619,155500,1000,30900,3000,121600
1,1,614,14,2,007629,007628,3A0B-83C7-8619,77750,500,15450,1500,60800
1,1,614,16,1,007515,007515,DE0C-4239-8619,77750,500,15450,1500,60800
1,1,614,19,1,007905,007905,BC0C-027F-8619,233250,1500,46350,4500,182400
1,1,614,17,1,007707,007711,B80B-5327-8619,466500,3000,92700,9000,364800
1,1,614,13,4,007323,007325,AE0C-79FF-8619,777500,5000,154500,15000,608000
1,1,614,27,9,008757,008756,DA0D-8963-8619,622000,4000,123600,12000,486400
1,1,614,14,2,007628,007627,0E0C-DA45-8619,31100,200,6180,600,24320
1,1,614,1,7,002412,002412,4A0B-671D-8619,1166250,7500,231750,22500,912000
1,1,614,3,1,004105,004106,960D-5D55-8619,155500,1000,30900,3000,121600
1,1,614,12,4,007273,007273,DA0B-7B33-8619,77750,500,15450,1500,60800
1,1,614,27,7,009835,008736,C40B-BAC1-8619,1555000,10000,309000,30000,1216000
1,1,614,28,3,009901,009903,960C-9C69-8619,46650,300,9270,900,36480
1,1,614,25,1,008511,008511,F60B-4205-8619,466500,3000,92700,9000,364800
1,1,614,25,9,009741,008545,080D-AA6B-8619,77750,500,15450,1500,60800
1,1,614,27,5,009822,009836,5E0D-0701-8619,777500,5000,154500,15000,608000
1,1,614,16,1,007502,007502,4A0B-49A3-8619,15550,100,3090,300,12160
1,1,614,25,9,009741,008545,7A0C-3A01-8619,155500,1000,30900,3000,121600
1,1,614,17,2,007722,007726,D80B-E7AF-8619,155500,1000,30900,3000,121600
1,1,614,21,2,009521,009520,CE0A-C51D-8619,77750,500,15450,1500,60800
1,1,614,20,4,009456,009455,040B-3AD9-8619,311000,2000,61800,6000,243200
1,1,614,17,1,007706,007702,840B-449F-8619,777500,5000,154500,15000,608000
1,1,614,23,1,008308,008308,500B-6563-8619,155500,1000,30900,3000,121600
1,1,614,20,3,008025,008023,A60D-6DB1-8619,155500,1000,30900,3000,121600
1,1,614,22,4,008243,008241,640C-CE39-8619,466500,3000,92700,9000,364800
1,1,614,18,1,007804,007804,CA0C-03AF-8619,155500,1000,30900,3000,121600
1,1,614,22,3,008239,008239,D60B-A1DD-8619,311000,2000,61800,6000,243200
1,1,614,28,1,008805,008808,940C-3445-8619,311000,2000,61800,6000,243200
1,1,614,20,5,008007,008007,580B-C3CF-8619,311000,2000,61800,6000,243200
1,1,614,27,9,008759,008763,4A0D-347F-8619,1555000,10000,309000,30000,1216000
1,1,614,17,1,007735,007736,DA0C-C3AB-8619,466500,3000,92700,9000,364800
1,1,614,20,4,009455,009454,640C-3A9F-8619,1555000,10000,309000,30000,1216000
1,1,614,18,1,007805,007820,820B-9201-8619,77750,500,15450,1500,60800
1,1,614,27,4,008784,008791,F00C-E427-8619,777500,5000,154500,15000,608000
1,1,614,20,4,009456,009455,A00B-1B8F-8619,1555000,10000,309000,30000,1216000
1,1,614,12,1,007205,009051,8E0C-347F-8619,466500,3000,92700,9000,364800
1,1,614,27,8,008752,008753,C40B-5D7F-8619,311000,2000,61800,6000,243200
1,1,614,27,7,009838,008738,340B-9E57-8619,777500,5000,154500,15000,608000
1,1,614,21,6,008194,008192,940C-E267-8619,1555000,10000,309000,30000,1216000
1,1,614,20,4,009463,009461,040B-BFAB-8619,15550,100,3090,300,12160
1,1,614,1,2,002122,002120,6C0C-296D-8619,46650,300,9270,900,36480
1,1,614,23,1,008307,008333,0E0C-EA33-8619,217700,1400,43260,4200,170240
1,1,614,1,2,002122,002119,E20D-D1B1-8619,77750,500,15450,1500,60800
1,1,614,15,3,009204,009203,720B-F1BB-8619,77750,500,15450,1500,60800
1,1,614,4,3,005101,005101,460D-8355-8619,3887500,25000,772500,75000,3040000
1,1,614,27,10,008778,008779,0A0A-EEFB-8619,31100,200,6180,600,24320
1,1,614,20,4,009465,009465,700C-A053-8619,311000,2000,61800,6000,243200
1,1,614,27,9,008764,008711,800D-7DCB-8619,777500,5000,154500,15000,608000
1,1,614,21,1,008141,009510,3E0B-2A6B-8619,155500,1000,30900,3000,121600
1,1,614,26,2,008615,008619,460D-2367-8619,155500,1000,30900,3000,121600
1,1,614,18,3,007833,007819,6C0D-AB8F-8619,155500,1000,30900,3000,121600
1,1,614,22,4,008241,008241,F00C-7C45-8619,15550,100,3090,300,12160
1,1,614,21,4,009527,009526,BA0C-F651-8619,311000,2000,61800,6000,243200
1,1,614,27,9,008755,008755,DE0C-6AC1-8619,777500,5000,154500,15000,608000
1,1,614,15,3,009206,009205,EE0B-CC29-8619,311000,2000,61800,6000,243200
1,1,614,19,3,007937,007937,540B-4B99-8619,15550,100,3090,300,12160
1,1,614,17,1,007736,007701,B40C-01D7-8619,155500,1000,30900,3000,121600
1,1,614,22,3,008239,008239,540B-2C8F-8619,77750,500,15450,1500,60800
1,1,614,21,5,009542,009542,0E0A-F27D-8619,77750,500,15450,1500,60800
1,1,614,1,5,002308,002330,800B-31C9-8619,155500,1000,30900,3000,121600
1,1,614,21,5,009542,009542,1A0A-F2CD-8619,155500,1000,30900,3000,121600
1,1,614,20,4,009460,009457,FC0A-B147-8619,77750,500,15450,1500,60800
1,1,614,21,1,009505,009504,A60D-2A4F-8619,155500,1000,30900,3000,121600
1,1,614,21,2,009516,009517,FA0B-0097-8619,62200,400,12360,1200,48640
1,1,614,27,1,008712,008725,660C-0E91-8619,466500,3000,92700,9000,364800
1,1,614,13,4,007330,007330,F40D-88CD-8619,466500,3000,92700,9000,364800
1,1,614,16,4,007577,007577,6C0B-80DB-8619,15550,100,3090,300,12160
1,1,614,15,2,007424,007423,CE0C-2693-8619,233250,1500,46350,4500,182400
1,1,614,28,1,008806,008806,FE0C-32D1-8619,699750,4500,139050,13500,547200
1,1,614,14,1,007604,007604,B40B-FBED-8619,31100,200,6180,600,24320
1,1,614,20,4,009455,009454,C80C-AAB9-8619,77750,500,15450,1500,60800
1,1,614,27,10,008773,008772,0A0C-FCB9-8619,466500,3000,92700,9000,364800
1,1,614,18,2,007828,007828,6C0B-5509-8619,155500,1000,30900,3000,121600
1,1,614,24,1,008405,008402,F80C-F31F-8619,466500,3000,92700,9000,364800
1,1,614,14,2,007627,007629,440B-7177-8619,77750,500,15450,1500,60800
1,1,614,23,1,008310,008309,D80C-C489-8619,466500,3000,92700,9000,364800
1,1,614,12,3,009061,009061,7C0D-BB0B-8619,155500,1000,30900,3000,121600
1,1,614,12,4,007265,009054,DA0A-C4D7-8619,77750,500,15450,1500,60800
1,1,614,21,4,009533,009532,220D-5177-8619,311000,2000,61800,6000,243200
1,1,614,24,5,008448,008442,C80B-B2D9-8619,311000,2000,61800,6000,243200
1,1,614,16,4,007582,007583,320B-28E3-8619,155500,1000,30900,3000,121600
1,1,614,27,3,008721,008721,940D-5C55-8619,466500,3000,92700,9000,364800
1,1,614,27,12,008797,008794,120C-73BB-8619,155500,1000,30900,3000,121600
1,1,614,11,1,007103,007102,800B-A471-8619,155500,1000,30900,3000,121600
1,1,614,25,3,008531,008531,120D-305D-8619,2332500,15000,463500,45000,1824000
1,1,614,27,5,009826,009826,BA0A-B347-8619,466500,3000,92700,9000,364800
1,1,614,18,2,007814,007823,5C0C-CB85-8619,2332500,15000,463500,45000,1824000
1,1,614,27,5,009826,009826,380A-B39B-8619,466500,3000,92700,9000,364800
1,1,614,15,3,009202,009202,900D-3889-8619,622000,4000,123600,12000,486400
1,1,614,21,5,009535,009544,A60D-3ABB-8619,46650,300,9270,900,36480
1,1,614,28,2,009916,009917,D40B-CE7F-8619,15550,100,3090,300,12160
1,1,614,12,4,007272,007275,100C-820D-8619,311000,2000,61800,6000,243200
1,1,614,21,6,008197,008193,820C-8AE5-8619,77750,500,15450,1500,60800
1,1,614,15,3,009203,009203,640B-1235-8619,388750,2500,77250,7500,304000
1,1,614,17,1,007733,007736,760D-26B3-8619,155500,1000,30900,3000,121600
1,1,614,27,3,008726,008725,F60C-3259-8619,777500,5000,154500,15000,608000
1,1,614,13,2,009107,009107,0E0C-5FA1-8619,77750,500,15450,1500,60800
1,1,614,27,9,008754,008754,340B-2A27-8619,15550,100,3090,300,12160
1,1,614,17,2,007726,007724,000C-94D5-8619,466500,3000,92700,9000,364800
1,1,614,2,3,003312,003312,4E0B-6FA1-8619,155500,1000,30900,3000,121600
1,1,614,27,4,008783,008784,920A-D387-8619,15550,100,3090,300,12160
1,1,614,13,1,007306,007314,160C-3B6B-8619,466500,3000,92700,9000,364800
1,1,614,25,1,008513,008513,200B-3D45-8619,15550,100,3090,300,12160
1,1,614,20,1,008046,008046,580B-2187-8619,155500,1000,30900,3000,121600
1,1,614,17,2,007727,007726,800B-6B63-8619,77750,500,15450,1500,60800
1,1,614,11,5,009007,009007,9A0A-CE6B-8619,31100,200,6180,600,24320
1,1,614,22,6,008267,008267,C80D-7AEF-8619,466500,3000,92700,9000,364800
1,1,614,17,2,007726,007732,A60B-2FC5-8619,15550,100,3090,300,12160
1,1,614,3,3,004312,004312,1E0B-27B1-8619,77750,500,15450,1500,60800
1,1,614,17,1,007731,007731,B60B-3111-8619,15550,100,3090,300,12160
1,1,614,14,2,007617,007617,AA0C-012B-8619,311000,2000,61800,6000,243200
1,1,614,27,12,008791,008791,E00C-7D15-8619,155500,1000,30900,3000,121600
1,1,614,24,1,008402,008403,4C0C-A2AB-8619,622000,4000,123600,12000,486400
1,1,614,14,1,007604,007605,A80C-0169-8619,77750,500,15450,1500,60800
1,1,614,11,1,007103,007103,320C-6123-8619,622000,4000,123600,12000,486400
1,1,614,19,1,007908,007907,EC0C-5D81-8619,311000,2000,61800,6000,243200
1,1,614,13,2,009106,009105,5C0C-55FF-8619,77750,500,15450,1500,60800
1,1,614,21,4,009533,009533,EC0B-6AEF-8619,155500,1000,30900,3000,121600
1,1,614,28,1,008804,008804,980B-09F5-8619,77750,500,15450,1500,60800
1,1,614,27,4,008782,008784,580B-AB59-8619,155500,1000,30900,3000,121600
1,1,614,13,4,007322,007322,9A0C-CFC5-8619,155500,1000,30900,3000,121600
1,1,612,2,4,003415,008411,921B-3477-8618,804000,5000,159500,15500,629000
1,1,614,15,1,007407,007409,E80B-AFA3-8619,31100,200,6180,600,24320
1,1,614,3,1,004108,004108,520C-919D-8619,777500,5000,154500,15000,608000
1,1,614,19,1,007904,007901,BC0D-05C1-8619,311000,2000,61800,6000,243200
1,1,614,16,3,007554,007551,9A0B-B623-8619,155500,1000,30900,3000,121600
1,1,614,20,4,009454,009454,860C-68BB-8619,77750,500,15450,1500,60800
1,1,614,8,3,002316,002412,1E0C-7357-8619,77750,500,15450,1500,60800
1,1,600,25,4,008541,008542,AA65-F4DD-8610,389200,2000,77400,7600,304200
1,1,614,28,3,009902,009903,1C0B-3C7F-8619,15550,100,3090,300,12160
1,1,614,18,3,007833,007811,E00B-5F1F-8619,46650,300,9270,900,36480
1,1,614,27,3,008725,008725,540D-5F91-8619,466500,3000,92700,9000,364800
1,1,614,8,5,003116,003116,020D-1F39-8619,62200,400,12360,1200,48640
1,1,614,1,4,002230,002307,B40C-8E7F-8619,155500,1000,30900,3000,121600
1,1,614,12,2,007217,007219,240C-1801-8619,155500,1000,30900,3000,121600
1,1,614,19,1,007908,007906,C60C-1645-8619,77750,500,15450,1500,60800
1,1,614,21,3,008166,008169,3A0D-6617-8619,155500,1000,30900,3000,121600
1,1,614,17,1,007703,007703,F60D-96BD-8619,155500,1000,30900,3000,121600
1,1,614,13,1,007302,007310,1E0B-7347-8619,622000,4000,123600,12000,486400
1,1,614,14,4,009155,009159,5C0D-4675-8619,155500,1000,30900,3000,121600
1,1,614,17,2,007727,007720,D40B-BC7D-8619,233250,1500,46350,4500,182400
1,1,614,22,5,008260,008262,120D-1D4B-8619,155500,1000,30900,3000,121600
1,1,614,18,2,007814,007814,E60C-C655-8619,155500,1000,30900,3000,121600
1,1,614,8,4,002409,002409,100D-65DD-8619,77750,500,15450,1500,60800
1,1,614,16,2,007535,007535,2E0D-98E3-8619,311000,2000,61800,6000,243200
1,1,614,8,1,002129,002129,BA0D-1495-8619,46650,300,9270,900,36480
1,1,614,12,3,007253,007255,920D-1623-8619,77750,500,15450,1500,60800
1,1,614,1,5,002306,002305,AE0C-C123-8619,311000,2000,61800,6000,243200
1,1,614,12,2,007216,007220,6A0B-FFD5-8619,77750,500,15450,1500,60800
1,1,614,21,6,008195,008194,FE0C-B7FF-8619,77750,500,15450,1500,60800
1,1,614,19,3,007938,007937,880C-34F9-8619,77750,500,15450,1500,60800
1,1,614,21,5,008182,009535,D40A-DA93-8619,155500,1000,30900,3000,121600
1,1,614,11,6,009011,009021,AC0B-07ED-8619,622000,4000,123600,12000,486400
1,1,614,13,2,007314,007313,A20D-C0BF-8619,77750,500,15450,1500,60800
1,1,614,15,2,007424,007427,1A0D-3035-8619,155500,1000,30900,3000,121600
1,1,614,12,3,007263,007271,780C-3961-8619,466500,3000,92700,9000,364800
1,1,614,27,7,009837,009837,720D-2631-8619,15550,100,3090,300,12160
1,1,614,25,1,008512,009741,4E0B-8D99-8619,31100,200,6180,600,24320
1,1,614,16,2,007532,007531,020C-4EFB-8619,155500,1000,30900,3000,121600
1,1,614,15,2,007422,007424,F80C-4EC1-8619,466500,3000,92700,9000,364800
1,1,614,18,3,007838,007834,7A0B-1FA3-8619,1555000,10000,309000,30000,1216000
1,1,614,11,2,007122,007102,A60B-2F47-8619,777500,5000,154500,15000,608000
1,1,614,18,2,007822,007828,760B-8DEF-8619,311000,2000,61800,6000,243200
1,1,614,6,4,008884,310001,6412-3AB5-8619,517000,5000,102000,10000,405000
1,1,614,6,4,008884,320001,E412-5813-8619,517000,5000,102000,10000,405000
1,1,614,6,4,008884,320001,2E12-59CF-8619,1034000,10000,204000,20000,810000
1,1,614,6,4,008884,310001,8212-7675-8619,620400,6000,122400,12000,486000
1,1,614,3,1,004107,004105,B20B-6745-8619,155500,1000,30900,3000,121600
1,1,614,11,6,009013,009012,7A0A-C8BD-8619,31100,200,6180,600,24320
1,1,614,11,3,007132,007132,100D-0E99-8619,15550,100,3090,300,12160
1,1,614,11,5,007151,009005,9C0C-D37F-8619,311000,2000,61800,6000,243200
1,1,614,19,2,007923,007923,420C-F7CF-8619,155500,1000,30900,3000,121600
1,1,614,6,4,008884,310001,CE14-EB45-8619,413600,4000,81600,8000,324000
1,1,614,12,4,007276,007273,BC0D-D667-8619,311000,2000,61800,6000,243200
1,1,614,12,2,007218,007218,BE13-5C45-8619,517000,5000,102000,10000,405000
1,1,614,18,3,007834,007814,4012-5CB1-8619,517000,5000,102000,10000,405000
1,1,614,11,7,009026,009026,8412-4A4D-8619,517000,5000,102000,10000,405000
1,1,614,18,1,007805,007805,E214-3A99-8619,310200,3000,61200,6000,243000
1,1,614,1,5,002305,002308,A613-28BB-8619,517000,5000,102000,10000,405000
1,1,614,1,7,002416,002414,2813-35A5-8619,1034000,10000,204000,20000,810000
1,1,614,25,4,008541,008543,5814-9D81-8619,413600,4000,81600,8000,324000
1,1,614,18,2,007825,007827,B614-09DD-8619,103400,1000,20400,2000,81000
1,1,614,15,1,007405,007401,0A13-8861-8619,517000,5000,102000,10000,405000
1,1,614,21,3,008162,008163,8E14-5E71-8619,517000,5000,102000,10000,405000
1,1,614,23,1,008323,008322,CA14-5A13-8619,206800,2000,40800,4000,162000
1,1,614,3,3,004309,004309,9413-296B-8619,310200,3000,61200,6000,243000
1,1,614,15,3,009202,009206,D413-D0A1-8619,517000,5000,102000,10000,405000
1,1,614,27,7,008737,008737,E014-75B5-8619,310200,3000,61200,6000,243000
1,1,614,22,5,008254,008256,4015-0483-8619,310200,3000,61200,6000,243000
1,1,614,17,1,007731,007730,9013-82B3-8619,51700,500,10200,1000,40500
1,1,614,4,1,004502,004502,EC14-B121-8619,1034000,10000,204000,20000,810000
1,1,614,12,4,007272,007261,AC14-3EF3-8619,517000,5000,102000,10000,405000
1,1,614,18,2,007822,007822,F013-0E2D-8619,310200,3000,61200,6000,243000
1,1,614,26,4,008636,008637,9013-3AC5-8619,1034000,10000,204000,20000,810000
1,1,614,11,6,009013,009016,CC12-FC4F-8619,10340,100,2040,200,8100
1,1,614,27,3,008724,008724,BA13-5C01-8619,517000,5000,102000,10000,405000
1,1,614,17,1,007702,007701,6E13-5FB1-8619,1034000,10000,204000,20000,810000
1,1,614,18,1,007804,007806,9C14-3FDD-8619,517000,5000,102000,10000,405000
1,1,614,15,3,009202,009206,2813-CBF9-8619,517000,5000,102000,10000,405000
1,1,614,24,5,008448,008448,B213-3E6B-8619,1034000,10000,204000,20000,810000
1,1,614,25,2,008524,008522,C014-D1CF-8619,517000,5000,102000,10000,405000
1,1,614,18,3,007838,007836,2014-DD1B-8619,1034000,10000,204000,20000,810000
1,1,614,24,5,008448,008449,B414-90F9-8619,517000,5000,102000,10000,405000
1,1,614,27,3,008724,008726,6C14-8C05-8619,517000,5000,102000,10000,405000
1,1,614,17,2,007716,007716,B414-4D1F-8619,31020,300,6120,600,24300
1,1,614,12,1,007202,007208,8A13-E761-8619,103400,1000,20400,2000,81000
1,1,614,21,5,008182,008182,7213-507D-8619,517000,5000,102000,10000,405000
1,1,614,26,3,008621,009752,B014-4C5B-8619,517000,5000,102000,10000,405000
1,1,614,12,4,007277,007261,2813-3545-8619,206800,2000,40800,4000,162000
1,1,614,15,3,009205,007429,9014-A511-8619,103400,1000,20400,2000,81000
1,1,614,12,4,007271,007260,D205-6AAF-8619,51700,500,10200,1000,40500
1,1,614,25,2,008523,008522,BA13-FA47-8619,361900,3500,71400,7000,283500
1,1,614,27,9,008755,008755,B613-19DD-8619,517000,5000,102000,10000,405000
1,1,614,20,5,008006,008007,4013-518F-8619,310200,3000,61200,6000,243000
1,1,614,14,1,007613,007619,2412-833D-8619,1551000,15000,306000,30000,1215000
1,1,614,17,1,007730,007724,2613-5495-8619,1034000,10000,204000,20000,810000
1,1,614,16,4,007577,007577,1812-C96D-8619,310200,3000,61200,6000,243000
1,1,614,28,1,008812,008812,A814-A689-8619,310200,3000,61200,6000,243000
1,1,614,19,3,007931,007925,A012-D0FF-8619,310200,3000,61200,6000,243000
1,1,614,11,3,007131,007131,3A13-5369-8619,51700,500,10200,1000,40500
1,1,614,27,9,008758,008760,2812-BAF1-8619,517000,5000,102000,10000,405000
1,1,614,12,3,007256,007257,4814-52F9-8619,310200,3000,61200,6000,243000
1,1,614,14,1,007613,007618,F213-84F5-8619,1034000,10000,204000,20000,810000
1,1,614,1,7,002412,002111,B612-AB8B-8619,1034000,10000,204000,20000,810000
1,1,614,20,5,008007,008006,6E13-E645-8619,103400,1000,20400,2000,81000
1,1,614,24,2,008416,008418,C212-E159-8619,517000,5000,102000,10000,405000
1,1,614,24,1,008403,008404,E214-3B59-8619,1034000,10000,204000,20000,810000
1,1,614,23,1,008329,008307,9213-C6DF-8619,206800,2000,40800,4000,162000
1,1,614,18,2,007827,007823,7813-8C97-8619,103400,1000,20400,2000,81000
1,1,614,3,1,004105,004110,4014-1637-8619,1034000,10000,204000,20000,810000
1,1,614,17,2,007713,007715,FA14-93EB-8619,206800,2000,40800,4000,162000
1,1,614,25,4,008541,008542,EE13-0DD5-8619,310200,3000,61200,6000,243000
1,1,614,25,4,008545,008545,9214-707D-8619,517000,5000,102000,10000,405000
1,1,614,15,1,007406,007406,DC14-B011-8619,517000,5000,102000,10000,405000
1,1,614,14,1,007615,007615,6C13-1469-8619,310200,3000,61200,6000,243000
1,1,614,19,1,007908,007907,9014-8311-8619,413600,4000,81600,8000,324000
1,1,614,16,1,007515,007515,1012-FFF7-8619,206800,2000,40800,4000,162000
1,1,614,18,1,007804,007809,3213-BBB3-8619,1034000,10000,204000,20000,810000
1,1,614,1,1,002112,002112,D612-FC55-8619,206800,2000,40800,4000,162000
1,1,614,14,3,007635,007632,F612-C5BB-8619,517000,5000,102000,10000,405000
1,1,614,19,1,007909,007908,7813-41A5-8619,206800,2000,40800,4000,162000
1,1,614,14,1,007609,007608,C012-70A1-8619,206800,2000,40800,4000,162000
1,1,614,11,7,009023,009026,C413-6327-8619,51700,500,10200,1000,40500
1,1,614,16,3,007552,007552,8E12-8965-8619,310200,3000,61200,6000,243000
1,1,614,15,2,007422,007422,DA12-727D-8619,206800,2000,40800,4000,162000
1,1,614,27,10,008774,008775,CE12-F25B-8619,517000,5000,102000,10000,405000
1,1,614,16,3,007565,007565,CC12-96E3-8619,517000,5000,102000,10000,405000
1,1,614,1,3,002203,002203,F413-4911-8619,103400,1000,20400,2000,81000
1,1,614,16,1,007508,007507,6A14-155F-8619,206800,2000,40800,4000,162000
1,1,614,12,4,007271,007271,9014-F827-8619,103400,1000,20400,2000,81000
1,1,614,16,2,007545,007543,9614-D5E5-8619,51700,500,10200,1000,40500
1,1,614,27,5,008735,009825,8414-E683-8619,517000,5000,102000,10000,405000
1,1,614,15,2,007427,007428,3813-0355-8619,103400,1000,20400,2000,81000
1,1,614,21,4,009527,008171,3215-103D-8619,517000,5000,102000,10000,405000
1,1,614,27,9,008759,008746,7214-8C3B-8619,41360,400,8160,800,32400
1,1,614,3,3,004312,004311,D012-66EF-8619,310200,3000,61200,6000,243000
1,1,614,27,5,009824,008734,A414-2DA9-8619,517000,5000,102000,10000,405000
1,1,614,19,1,007906,007908,F214-93A3-8619,2068000,20000,408000,40000,1620000
1,1,614,21,6,008197,008198,C812-6777-8619,206800,2000,40800,4000,162000
1,1,614,20,4,009464,009465,1612-A527-8619,10340,100,2040,200,8100
1,1,614,20,1,008047,008044,8812-767F-8619,103400,1000,20400,2000,81000
1,1,614,25,2,008524,008523,BA12-D733-8619,517000,5000,102000,10000,405000
1,1,614,16,3,007556,007555,1013-7767-8619,206800,2000,40800,4000,162000
1,1,614,11,7,009023,009028,CC14-274B-8619,31020,300,6120,600,24300
1,1,614,11,7,009024,009028,6A13-067B-8619,206800,2000,40800,4000,162000
1,1,614,16,1,007517,007516,3814-7A01-8619,103400,1000,20400,2000,81000
1,1,614,20,5,008007,008008,4814-169F-8619,310200,3000,61200,6000,243000
1,1,614,12,3,007263,007263,7E13-15BB-8619,2068000,20000,408000,40000,1620000
1,1,614,12,2,007217,007218,1613-E0F3-8619,1085700,10500,214200,21000,850500
1,1,614,12,2,007219,007220,6E13-8BE1-8619,51700,500,10200,1000,40500
1,1,614,17,2,007726,007726,1C12-19A1-8619,310200,3000,61200,6000,243000
1,1,614,19,1,007902,007908,3012-C721-8619,51700,500,10200,1000,40500
1,1,614,25,4,008545,008544,C412-FAE5-8619,103400,1000,20400,2000,81000
1,1,614,20,4,009464,009465,2812-A2A3-8619,10340,100,2040,200,8100
1,1,614,11,1,007103,007101,0214-BD99-8619,1034000,10000,204000,20000,810000
1,1,614,14,2,007627,007628,2E13-79D5-8619,310200,3000,61200,6000,243000
1,1,614,3,1,004108,004117,4813-03E5-8619,103400,1000,20400,2000,81000
1,1,614,13,2,007313,007326,4214-6C89-8619,103400,1000,20400,2000,81000
1,1,614,16,3,007566,007564,2412-DF33-8619,103400,1000,20400,2000,81000
1,1,614,27,12,008792,008786,EE12-6599-8619,310200,3000,61200,6000,243000
1,1,614,21,4,009528,008172,F814-EE35-8619,517000,5000,102000,10000,405000
1,1,614,17,1,007731,007731,7414-6FBB-8619,310200,3000,61200,6000,243000
1,1,614,16,1,007515,007517,E813-1AC5-8619,103400,1000,20400,2000,81000
1,1,614,16,2,007529,007544,F814-3A23-8619,310200,3000,61200,6000,243000
1,1,614,24,5,008448,008448,C213-FDDD-8619,103400,1000,20400,2000,81000
1,1,614,27,1,008715,008721,E614-1C5B-8619,517000,5000,102000,10000,405000
1,1,614,12,3,007252,007253,0414-CE4F-8619,206800,2000,40800,4000,162000
1,1,614,18,1,007812,007841,E413-3AD1-8619,310200,3000,61200,6000,243000
1,1,614,27,9,008760,008760,8A14-3D17-8619,103400,1000,20400,2000,81000
1,1,614,11,7,007171,009022,6E12-7911-8619,103400,1000,20400,2000,81000
1,1,614,19,2,007919,007919,8612-8A89-8619,51700,500,10200,1000,40500
1,1,614,27,5,008735,008734,7412-AE17-8619,103400,1000,20400,2000,81000
1,1,614,25,4,008543,008544,CA13-75FF-8619,206800,2000,40800,4000,162000
1,1,614,1,1,002112,002120,D214-EDFF-8619,517000,5000,102000,10000,405000
1,1,614,14,2,007617,009156,BC14-E9D5-8619,31020,300,6120,600,24300
1,1,614,23,2,008334,008334,3413-794D-8619,310200,3000,61200,6000,243000
1,1,614,27,12,008794,008791,1E13-0FC1-8619,206800,2000,40800,4000,162000
1,1,614,19,2,007920,007918,7A13-F4C3-8619,51700,500,10200,1000,40500
1,1,614,19,3,007939,007931,4413-2EE1-8619,206800,2000,40800,4000,162000
1,1,614,14,2,007625,007623,B613-70C5-8619,206800,2000,40800,4000,162000
1,1,614,16,2,007534,007535,4812-5DDD-8619,103400,1000,20400,2000,81000
1,1,614,23,2,008333,008333,AC13-2911-8619,20680,200,4080,400,16200
1,1,614,8,7,004119,004108,CA14-9779-8619,103400,1000,20400,2000,81000
1,1,614,20,2,008036,008035,F813-1CD7-8619,517000,5000,102000,10000,405000
1,1,614,27,1,008714,008713,3613-BC77-8619,206800,2000,40800,4000,162000
1,1,614,12,4,007273,007273,B412-D73D-8619,310200,3000,61200,6000,243000
1,1,614,25,5,009705,009704,2212-53E3-8619,10340,100,2040,200,8100
1,1,614,23,1,008321,008323,9E12-E3A1-8619,517000,5000,102000,10000,405000
1,1,614,11,5,007151,009002,0E14-EEE1-8619,517000,5000,102000,10000,405000
1,1,614,20,5,008006,008006,4412-A0E3-8619,51700,500,10200,1000,40500
1,1,614,11,2,007125,007126,C413-1F55-8619,51700,500,10200,1000,40500
1,1,614,12,2,007220,007220,1413-BDF7-8619,517000,5000,102000,10000,405000
1,1,614,15,1,007408,007406,FE14-4957-8619,51700,500,10200,1000,40500
1,1,614,21,1,009511,009507,E412-B635-8619,1034000,10000,204000,20000,810000
1,1,614,15,3,009205,009206,EA14-B185-8619,10340,100,2040,200,8100
1,1,614,11,2,007125,007126,9C13-1A57-8619,51700,500,10200,1000,40500
1,1,614,16,3,007552,007551,7214-E617-8619,51700,500,10200,1000,40500
1,1,614,27,7,009832,008738,5214-B827-8619,103400,1000,20400,2000,81000
1,1,614,3,1,004105,004106,0C13-BD6F-8619,1034000,10000,204000,20000,810000
1,1,614,1,3,002215,002214,FE13-6777-8619,206800,2000,40800,4000,162000
1,1,614,14,2,007620,007621,1212-3B27-8619,103400,1000,20400,2000,81000
1,1,614,16,3,007556,007556,2212-82D5-8619,103400,1000,20400,2000,81000
1,1,614,14,1,007614,007611,7613-2401-8619,517000,5000,102000,10000,405000
1,1,614,25,4,008541,008543,1014-68F9-8619,517000,5000,102000,10000,405000
1,1,614,24,2,008416,008418,EC14-EDE1-8619,310200,3000,61200,6000,243000
1,1,614,22,5,008262,008262,BE12-CF03-8619,103400,1000,20400,2000,81000
1,1,614,13,2,007314,007314,B015-0999-8619,103400,1000,20400,2000,81000
1,1,614,1,2,002122,002125,8014-2CCD-8619,517000,5000,102000,10000,405000
1,1,614,23,2,008336,008336,6614-6E0B-8619,51700,500,10200,1000,40500
1,1,614,1,7,002411,002412,8813-70BB-8619,310200,3000,61200,6000,243000
1,1,614,15,1,007407,007407,0014-CDEB-8619,103400,1000,20400,2000,81000
1,1,614,1,6,002330,002306,0613-1079-8619,517000,5000,102000,10000,405000
1,1,614,21,1,008141,008141,4A14-A8AF-8619,103400,1000,20400,2000,81000
1,1,614,1,8,002430,002423,7412-F809-8619,103400,1000,20400,2000,81000
1,1,614,21,6,008194,008196,E214-D06F-8619,310200,3000,61200,6000,243000
1,1,614,16,2,007535,007535,AC13-7FCD-8619,517000,5000,102000,10000,405000
1,1,614,16,3,007554,007553,BC13-62BF-8619,51700,500,10200,1000,40500
1,1,614,17,2,007720,007720,6815-034B-8619,103400,1000,20400,2000,81000
1,1,614,12,4,007270,007269,4414-A807-8619,103400,1000,20400,2000,81000
1,1,614,21,4,009530,009530,D813-59A1-8619,206800,2000,40800,4000,162000
1,1,614,11,2,007126,007123,B813-4BF1-8619,31020,300,6120,600,24300
1,1,614,16,3,007555,007553,9014-4EDD-8619,310200,3000,61200,6000,243000
1,1,614,22,6,008267,008265,6814-BB11-8619,517000,5000,102000,10000,405000
1,1,614,16,4,007573,007576,D414-9667-8619,155100,1500,30600,3000,121500
1,1,614,27,3,008724,008702,3812-81CD-8619,206800,2000,40800,4000,162000
1,1,614,12,4,007270,007271,CE12-F319-8619,103400,1000,20400,2000,81000
1,1,614,18,2,007817,007817,AE13-B615-8619,341220,3300,67320,6600,267300
1,1,614,16,1,007517,007518,A813-D4B1-8619,1034000,10000,204000,20000,810000
1,1,614,12,4,007273,007277,EA14-3B11-8619,310200,3000,61200,6000,243000
1,1,614,14,1,007607,007606,E814-9539-8619,206800,2000,40800,4000,162000
1,1,614,20,2,008035,008035,F613-3907-8619,517000,5000,102000,10000,405000
1,1,614,17,2,007722,007727,C614-1F39-8619,206800,2000,40800,4000,162000
1,1,614,23,1,008311,008311,2A13-AEB9-8619,31020,300,6120,600,24300
1,1,614,12,3,007258,007258,E611-C6EF-8619,20680,200,4080,400,16200
1,1,614,27,9,008759,008759,3612-54F3-8619,517000,5000,102000,10000,405000
1,1,614,18,3,007836,007837,0013-11A1-8619,103400,1000,20400,2000,81000
1,1,614,11,3,007132,007133,0412-6CB3-8619,103400,1000,20400,2000,81000
1,1,614,11,2,007122,007122,B812-7A9D-8619,103400,1000,20400,2000,81000
1,1,614,19,3,007939,007939,2814-442D-8619,1034000,10000,204000,20000,810000
1,1,614,15,1,007404,007402,7014-6EFD-8619,206800,2000,40800,4000,162000
1,1,614,26,2,008615,008619,0813-23DF-8619,310200,3000,61200,6000,243000
1,1,614,11,5,009006,009005,D212-72BB-8619,103400,1000,20400,2000,81000
1,1,614,26,3,009772,009772,4613-8F55-8619,310200,3000,61200,6000,243000
1,1,614,18,1,007804,007809,8E12-49AB-8619,103400,1000,20400,2000,81000
1,1,614,26,3,009755,009754,5C13-E4F5-8619,103400,1000,20400,2000,81000
1,1,614,19,1,007908,007909,5A13-E473-8619,103400,1000,20400,2000,81000
1,1,614,18,1,007812,007810,3412-97BB-8619,51700,500,10200,1000,40500
1,1,614,14,2,007621,007621,C414-1FBB-8619,310200,3000,61200,6000,243000
1,1,614,16,3,007566,007566,FA12-FF7D-8619,103400,1000,20400,2000,81000
1,1,614,28,1,008805,008809,6E12-DB9F-8619,155100,1500,30600,3000,121500
1,1,614,27,3,008726,009806,E015-2A09-8619,206800,2000,40800,4000,162000
1,1,614,15,2,007423,007425,9C14-5CC1-8619,103400,1000,20400,2000,81000
1,1,614,8,5,003120,003118,5813-6D37-8619,517000,5000,102000,10000,405000
1,1,614,27,9,008756,008704,AE13-2933-8619,206800,2000,40800,4000,162000
1,1,614,27,12,008792,008797,9A13-61BB-8619,206800,2000,40800,4000,162000
1,1,614,27,9,008761,008761,9612-600B-8619,103400,1000,20400,2000,81000
1,1,614,16,2,007544,007544,7C14-6ED1-8619,1034000,10000,204000,20000,810000
1,1,614,3,3,004312,004316,E015-0C2B-8619,310200,3000,61200,6000,243000
1,1,614,17,1,007735,007735,8E13-5DF3-8619,103400,1000,20400,2000,81000
1,1,614,14,3,007637,007635,3012-8267-8619,517000,5000,102000,10000,405000
1,1,614,1,7,002416,002416,6614-F6D3-8619,258500,2500,51000,5000,202500
1,1,614,15,2,007425,007429,C414-85C1-8619,103400,1000,20400,2000,81000
1,1,614,1,6,002327,002327,AC14-D4DF-8619,206800,2000,40800,4000,162000
1,1,614,16,3,007552,007556,EE14-A3D1-8619,1034000,10000,204000,20000,810000
1,1,614,21,4,009527,008171,CA13-FE6B-8619,517000,5000,102000,10000,405000
1,1,614,27,3,008705,008703,E812-7E05-8619,206800,2000,40800,4000,162000
1,1,614,27,7,009833,009834,4C15-16F9-8619,51700,500,10200,1000,40500
1,1,614,13,3,009126,009126,B013-FA8D-8619,310200,3000,61200,6000,243000
1,1,614,16,4,007582,007583,7A13-06AB-8619,103400,1000,20400,2000,81000
1,1,614,12,1,007201,007202,F813-DEBB-8619,206800,2000,40800,4000,162000
1,1,614,14,2,007617,007617,B613-B6AD-8619,517000,5000,102000,10000,405000
1,1,614,24,3,009660,009659,C612-4171-8619,310200,3000,61200,6000,243000
1,1,614,12,3,007259,007261,0A13-ADBB-8619,51700,500,10200,1000,40500
1,1,614,21,4,008171,008172,4014-E363-8619,310200,3000,61200,6000,243000
1,1,614,20,3,008023,008023,C013-6303-8619,206800,2000,40800,4000,162000
1,1,614,16,3,007563,007562,4215-0587-8619,103400,1000,20400,2000,81000
1,1,614,16,3,007556,007557,B615-08D1-8619,103400,1000,20400,2000,81000
1,1,614,20,3,008027,008037,6E12-AD8D-8619,103400,1000,20400,2000,81000
1,1,614,3,1,004105,004105,2C12-5A0F-8619,103400,1000,20400,2000,81000
1,1,614,25,5,009705,008513,9613-29C9-8619,517000,5000,102000,10000,405000
1,1,614,16,1,007502,007502,7208-864F-8619,206800,2000,40800,4000,162000
1,1,614,19,3,007938,007937,A014-FBBB-8619,1034000,10000,204000,20000,810000
1,1,614,16,3,007562,007562,4613-8D89-8619,206800,2000,40800,4000,162000
1,1,614,18,2,007814,007842,FC12-B68D-8619,51700,500,10200,1000,40500
1,1,614,16,1,007518,007517,0814-569D-8619,517000,5000,102000,10000,405000
1,1,614,23,1,008330,008329,5614-D9C1-8619,103400,1000,20400,2000,81000
1,1,614,1,4,002231,002231,8A13-7139-8619,206800,2000,40800,4000,162000
1,1,614,11,7,007171,009023,6612-DA29-8619,517000,5000,102000,10000,405000
1,1,614,8,7,004119,004119,1A12-7F8B-8619,31020,300,6120,600,24300
1,1,614,27,10,008776,008776,AA12-F413-8619,103400,1000,20400,2000,81000
1,1,614,27,3,008706,008713,1614-5623-8619,51700,500,10200,1000,40500
1,1,614,16,1,007515,007531,9013-F729-8619,517000,5000,102000,10000,405000
1,1,614,21,3,008162,008163,4E12-682D-8619,103400,1000,20400,2000,81000
1,1,614,18,2,007813,007817,F013-66D7-8619,51700,500,10200,1000,40500
1,1,614,20,3,008022,008021,F212-C5DD-8619,103400,1000,20400,2000,81000
1,1,614,13,5,007334,007334,E813-D13D-8619,517000,5000,102000,10000,405000
1,1,614,12,3,007259,007257,6213-1467-8619,310200,3000,61200,6000,243000
1,1,614,19,3,007938,007939,6814-2129-8619,3102000,30000,612000,60000,2430000
1,1,614,21,1,008141,008141,0C13-DF6F-8619,206800,2000,40800,4000,162000
1,1,614,16,4,007577,007573,5E14-6CD5-8619,20680,200,4080,400,16200
1,1,614,1,7,002412,002411,A014-B693-8619,103400,1000,20400,2000,81000
1,1,614,27,9,008759,008760,DE12-FDBB-8619,517000,5000,102000,10000,405000
1,1,614,1,8,002424,002423,AE13-1807-8619,10340,100,2040,200,8100
1,1,614,19,2,007917,007921,3814-011B-8619,310200,3000,61200,6000,243000
1,1,614,27,10,008772,008772,CE13-1EDF-8619,103400,1000,20400,2000,81000
1,1,614,16,1,007503,007502,8A12-D309-8619,1034000,10000,204000,20000,810000
1,1,614,25,9,009740,008542,1C12-90A3-8619,206800,2000,40800,4000,162000
1,1,614,27,1,008715,008743,6213-D8FF-8619,31020,300,6120,600,24300
1,1,614,13,2,007313,007314,2613-E1E3-8619,517000,5000,102000,10000,405000
1,1,614,21,1,009508,009508,E012-4155-8619,103400,1000,20400,2000,81000
1,1,614,2,3,003313,003314,EE12-D1EF-8619,206800,2000,40800,4000,162000
1,1,614,12,4,007276,007271,CA12-65F1-8619,20680,200,4080,400,16200
1,1,614,20,5,008006,008006,C014-1EFF-8619,517000,5000,102000,10000,405000
1,1,614,14,3,007639,009155,3412-9659-8619,3102000,30000,612000,60000,2430000
1,1,614,16,4,007571,007577,1012-6BE3-8619,51700,500,10200,1000,40500
1,1,614,22,3,008239,008235,5214-B747-8619,517000,5000,102000,10000,405000
1,1,614,11,1,007104,007105,5C13-8E2D-8619,517000,5000,102000,10000,405000
1,1,614,22,4,008241,008243,0C14-EF03-8619,103400,1000,20400,2000,81000
1,1,614,27,4,008784,008713,3613-E213-8619,20680,200,4080,400,16200
1,1,614,22,3,008239,008237,D612-7D1D-8619,310200,3000,61200,6000,243000
1,1,614,1,6,002327,002327,3A14-E399-8619,3102000,30000,612000,60000,2430000
1,1,614,21,4,008172,009526,4E13-DB11-8619,320540,3100,63240,6200,251100
1,1,614,18,2,007817,007820,F614-A369-8619,51700,500,10200,1000,40500
1,1,614,19,2,007917,007920,4E13-B853-8619,155100,1500,30600,3000,121500
1,1,614,12,3,007263,007263,B213-D345-8619,517000,5000,102000,10000,405000
1,1,614,1,2,002125,002125,1013-996D-8619,517000,5000,102000,10000,405000
1,1,614,16,2,007541,007539,2812-9563-8619,51700,500,10200,1000,40500
1,1,614,16,1,007515,007519,EE14-1BF5-8619,103400,1000,20400,2000,81000
1,1,614,25,1,008511,008524,DE14-37A7-8619,206800,2000,40800,4000,162000
1,1,614,18,3,009354,009355,9A14-9295-8619,310200,3000,61200,6000,243000
1,1,614,16,3,007562,007565,3E12-A491-8619,103400,1000,20400,2000,81000
1,1,614,18,3,009353,009353,C014-9693-8619,31020,300,6120,600,24300
1,1,614,21,6,008195,008195,5812-BB03-8619,103400,1000,20400,2000,81000
1,1,614,13,4,007322,007322,BA13-4C33-8619,206800,2000,40800,4000,162000
1,1,614,14,2,007619,007613,9812-F5C3-8619,51700,500,10200,1000,40500
1,1,614,17,2,007715,007715,AA13-FA77-8619,103400,1000,20400,2000,81000
1,1,614,16,4,007576,007574,BE14-4C55-8619,103400,1000,20400,2000,81000
1,1,614,15,1,007401,007407,1C13-9A01-8619,1034000,10000,204000,20000,810000
1,1,614,1,2,002119,002119,8A14-D7FF-8619,206800,2000,40800,4000,162000
1,1,614,22,3,008230,008231,4014-9E19-8619,517000,5000,102000,10000,405000
1,1,614,14,4,009157,009156,AA13-A623-8619,517000,5000,102000,10000,405000
1,1,614,17,1,007706,007733,AA15-2CE7-8619,103400,1000,20400,2000,81000
1,1,614,27,8,008746,008746,CA13-9633-8619,258500,2500,51000,5000,202500
1,1,614,27,3,008704,008704,0E12-EDA1-8619,10340,100,2040,200,8100
1,1,614,18,2,007822,007817,D012-9801-8619,31020,300,6120,600,24300
1,1,614,27,12,008797,008797,4013-26DB-8619,206800,2000,40800,4000,162000
1,1,614,18,2,007822,007818,5A13-8DCB-8619,20680,200,4080,400,16200
1,1,614,3,4,004415,004415,9814-8027-8619,103400,1000,20400,2000,81000
1,1,614,27,9,008754,008754,2812-9645-8619,155100,1500,30600,3000,121500
1,1,614,27,9,008759,008748,6E13-4213-8619,103400,1000,20400,2000,81000
1,1,614,12,1,007201,007201,4215-2F6D-8619,155100,1500,30600,3000,121500
1,1,614,18,1,007812,007812,A812-D017-8619,206800,2000,40800,4000,162000
1,1,614,27,1,008715,009808,6A13-9C35-8619,517000,5000,102000,10000,405000
1,1,614,16,3,007564,007565,A813-5D15-8619,206800,2000,40800,4000,162000
1,1,614,11,7,009021,009022,5212-44D9-8619,206800,2000,40800,4000,162000
1,1,614,20,2,008036,008038,9C14-2C51-8619,206800,2000,40800,4000,162000
1,1,614,18,1,007804,007803,3612-9799-8619,206800,2000,40800,4000,162000
1,1,614,2,3,003312,003312,D614-384F-8619,517000,5000,102000,10000,405000
1,1,614,12,1,007202,007206,1C14-BBC5-8619,155100,1500,30600,3000,121500
1,1,614,13,4,007324,007335,F414-C26B-8619,51700,500,10200,1000,40500
1,1,614,16,3,007557,007557,9414-82B5-8619,206800,2000,40800,4000,162000
1,1,614,13,2,007314,007308,C014-FC9D-8619,51700,500,10200,1000,40500
1,1,614,27,1,008719,008725,C613-C0E3-8619,517000,5000,102000,10000,405000
1,1,614,3,4,004414,004414,FA15-2A73-8619,206800,2000,40800,4000,162000
1,1,614,19,3,007937,007934,0613-4419-8619,103400,1000,20400,2000,81000
1,1,614,16,3,007565,007563,6813-9CD7-8619,310200,3000,61200,6000,243000
1,1,614,3,4,004412,004414,6A13-B9B5-8619,517000,5000,102000,10000,405000
1,1,614,16,3,007555,007552,2214-69EB-8619,517000,5000,102000,10000,405000
1,1,614,13,2,007313,007314,9414-F8CD-8619,103400,1000,20400,2000,81000
1,1,614,14,1,007613,007615,5615-15C3-8619,51700,500,10200,1000,40500
1,1,614,26,2,008615,008604,1E14-F051-8619,517000,5000,102000,10000,405000
1,1,614,25,7,009726,009726,C012-B32B-8619,103400,1000,20400,2000,81000
1,1,614,21,4,008172,009530,A414-A505-8619,103400,1000,20400,2000,81000
1,1,614,16,1,007519,007521,1E14-E19F-8619,206800,2000,40800,4000,162000
1,1,614,25,4,008545,008543,5014-B705-8619,51700,500,10200,1000,40500
1,1,614,27,7,009838,009837,FA12-F029-8619,51700,500,10200,1000,40500
1,1,614,12,2,007212,007201,A412-FA45-8619,103400,1000,20400,2000,81000
1,1,614,3,4,004415,004415,7013-5F8F-8619,310200,3000,61200,6000,243000
1,1,614,25,9,009743,009743,9014-4E7D-8619,10340,100,2040,200,8100
1,1,614,28,1,008811,008808,B612-7B11-8619,103400,1000,20400,2000,81000
1,1,614,27,5,009824,009823,6212-45D1-8619,51700,500,10200,1000,40500
1,1,614,19,3,007941,007938,5814-16AF-8619,10340,100,2040,200,8100
1,1,614,2,3,003314,003319,5812-5C57-8619,72380,700,14280,1400,56700
1,1,614,21,1,009510,009510,FE13-0DA5-8619,1551000,15000,306000,30000,1215000
1,1,614,17,2,007721,007722,D414-AFF9-8619,103400,1000,20400,2000,81000
1,1,614,2,3,003314,003318,3013-6BDD-8619,31020,300,6120,600,24300
1,1,614,16,1,007505,007505,CA12-35A5-8619,51700,500,10200,1000,40500
1,1,614,14,3,007637,007639,BA13-2767-8619,413600,4000,81600,8000,324000
1,1,614,15,2,007421,007421,5612-6911-8619,103400,1000,20400,2000,81000
1,1,614,25,4,008541,008542,7E12-7787-8619,206800,2000,40800,4000,162000
1,1,614,18,3,007838,007812,7012-A159-8619,51700,500,10200,1000,40500
1,1,614,19,3,007937,007941,A014-5D7D-8619,10340,100,2040,200,8100
1,1,614,27,5,009824,009827,2012-59C1-8619,310200,3000,61200,6000,243000
1,1,614,27,9,008754,008754,CA12-7B8D-8619,10340,100,2040,200,8100
1,1,614,27,12,008793,008793,8412-C223-8619,103400,1000,20400,2000,81000
1,1,614,28,1,008805,008807,A214-6123-8619,103400,1000,20400,2000,81000
1,1,614,22,4,008243,008243,DE14-BF63-8619,310200,3000,61200,6000,243000
1,1,614,12,4,007271,007272,1412-03ED-8619,31020,300,6120,600,24300
1,1,614,27,4,008786,008791,2E13-0107-8619,103400,1000,20400,2000,81000
1,1,614,17,1,007736,007736,F012-A7A5-8619,31020,300,6120,600,24300
1,1,614,17,2,007720,007704,9812-2E6D-8619,517000,5000,102000,10000,405000
1,1,614,23,1,008310,008321,1212-A503-8619,103400,1000,20400,2000,81000
1,1,614,12,4,007270,007265,5212-6857-8619,103400,1000,20400,2000,81000
1,1,614,27,12,008791,008791,4E12-5001-8619,206800,2000,40800,4000,162000
1,1,614,15,2,007424,007424,C012-7207-8619,134420,1300,26520,2600,105300
1,1,614,20,4,009459,009462,F012-D231-8619,31020,300,6120,600,24300
1,1,614,23,1,008322,008323,7612-92D3-8619,103400,1000,20400,2000,81000
1,1,614,12,3,007260,007260,720D-9E01-8619,311000,2000,61800,6000,243200
1,1,614,13,2,009102,009101,BC12-AB81-8619,51700,500,10200,1000,40500
1,1,614,16,4,007583,007582,DE13-746B-8619,51700,500,10200,1000,40500
1,1,614,17,2,007716,007716,F412-1F27-8619,31020,300,6120,600,24300
1,1,614,21,1,009507,009502,0E13-8A23-8619,103400,1000,20400,2000,81000
1,1,614,27,4,008782,008784,F612-4067-8619,10340,100,2040,200,8100
1,1,614,27,4,008784,008783,B012-4FBB-8619,20680,200,4080,400,16200
1,1,614,24,5,008450,008450,3C14-6B17-8619,206800,2000,40800,4000,162000
1,1,614,21,1,009506,009505,4813-0405-8619,51700,500,10200,1000,40500
1,1,614,27,1,008714,008714,5613-E4BF-8619,517000,5000,102000,10000,405000
1,1,614,1,5,002305,002308,0A14-9ADD-8619,51700,500,10200,1000,40500
1,1,614,20,4,009454,009455,FC12-7EB3-8619,51700,500,10200,1000,40500
1,1,614,28,2,009916,008807,E213-B315-8619,310200,3000,61200,6000,243000
1,1,614,3,3,004310,002215,A613-178F-8619,103400,1000,20400,2000,81000
1,1,614,3,1,004106,004108,0013-44A1-8619,310200,3000,61200,6000,243000
1,1,614,25,1,008513,008513,7612-A19F-8619,103400,1000,20400,2000,81000
1,1,614,15,2,007429,007428,B812-6159-8619,103400,1000,20400,2000,81000
1,1,614,25,4,008545,008541,9214-3CEF-8619,103400,1000,20400,2000,81000
1,1,614,11,3,007133,007133,9A13-6FAB-8619,103400,1000,20400,2000,81000
1,1,614,27,5,009828,009825,D412-D155-8619,310200,3000,61200,6000,243000
1,1,614,27,10,008779,008779,9813-837D-8619,103400,1000,20400,2000,81000
1,1,614,8,5,003120,004312,BE14-9013-8619,103400,1000,20400,2000,81000
1,1,614,22,4,008244,008245,C215-0DAF-8619,51700,500,10200,1000,40500
1,1,614,19,2,007920,007920,0813-46AB-8619,51700,500,10200,1000,40500
1,1,614,21,2,009518,009517,9A14-7115-8619,20680,200,4080,400,16200
1,1,614,8,8,004316,004319,7E14-13CB-8619,206800,2000,40800,4000,162000
1,1,614,8,5,003116,003119,B013-2E13-8619,103400,1000,20400,2000,81000
1,1,614,18,2,007827,007826,A814-7279-8619,517000,5000,102000,10000,405000
1,1,614,20,5,008006,008007,A812-AC97-8619,51700,500,10200,1000,40500
1,1,614,19,2,007921,007923,3A14-273D-8619,103400,1000,20400,2000,81000
1,1,614,20,2,008039,008033,3212-DE45-8619,103400,1000,20400,2000,81000
1,1,614,14,4,009154,009156,4014-1717-8619,103400,1000,20400,2000,81000
1,1,614,11,5,009002,009002,8212-D361-8619,413600,4000,81600,8000,324000
1,1,614,20,4,009464,009464,7A14-1389-8619,103400,1000,20400,2000,81000
1,1,614,17,1,007732,007734,4412-4EC3-8619,10340,100,2040,200,8100
1,1,614,14,3,007637,007637,8813-814B-8619,103400,1000,20400,2000,81000
1,1,614,24,3,009655,009652,2213-7A99-8619,413600,4000,81600,8000,324000
1,1,614,27,8,008749,008749,0C14-DE17-8619,51700,500,10200,1000,40500
1,1,614,14,1,007605,007605,6214-32F1-8619,31020,300,6120,600,24300
1,1,614,1,7,002413,002415,6214-9D5B-8619,51700,500,10200,1000,40500
1,1,614,12,2,007212,007216,AE14-733D-8619,103400,1000,20400,2000,81000
1,1,614,12,2,007214,007268,E213-D137-8619,103400,1000,20400,2000,81000
1,1,614,23,2,008346,008346,E214-0C8F-8619,103400,1000,20400,2000,81000
1,1,614,11,7,009026,009021,8212-2D6D-8619,517000,5000,102000,10000,405000
1,1,614,16,3,007565,007564,740D-1801-8619,311000,2000,61800,6000,243200
1,1,614,14,1,007611,007615,BC12-F32B-8619,206800,2000,40800,4000,162000
1,1,614,18,3,009355,007814,D212-E06B-8619,20680,200,4080,400,16200
1,1,614,1,2,002119,002123,A00B-B4F7-8619,311000,2000,61800,6000,243200
1,1,614,19,2,007922,007917,6C14-339F-8619,31020,300,6120,600,24300
1,1,614,14,3,007634,007637,B614-62B5-8619,517000,5000,102000,10000,405000
1,1,614,14,3,007638,007639,2C12-DE19-8619,103400,1000,20400,2000,81000
1,1,614,20,1,008041,008042,C00D-0119-8619,466500,3000,92700,9000,364800
1,1,614,14,1,007605,007638,B812-48B9-8619,517000,5000,102000,10000,405000
1,1,614,26,4,008637,008637,5A11-CB4D-8619,103400,1000,20400,2000,81000
1,1,614,26,2,008615,008614,DE14-86DB-8619,20680,200,4080,400,16200
1,1,614,1,6,002327,002328,B214-0839-8619,4136000,40000,816000,80000,3240000
1,1,614,15,3,009206,009203,BC14-2F33-8619,10340,100,2040,200,8100
1,1,614,18,1,007805,007805,DC14-4A55-8619,103400,1000,20400,2000,81000
1,1,614,26,3,008621,009780,0814-34FD-8619,2068000,20000,408000,40000,1620000
1,1,614,11,2,007129,007122,A60D-1309-8619,777500,5000,154500,15000,608000
1,1,614,26,3,008621,009779,4012-A2AB-8619,5170000,50000,1020000,100000,4050000
1,1,614,23,2,008336,008336,DE13-A1BB-8619,20680,200,4080,400,16200
1,1,614,21,5,009544,008181,A40C-6A5B-8619,2332500,15000,463500,45000,1824000
1,1,614,14,1,007615,007629,6C08-25CD-8619,155500,1000,30900,3000,121600
1,1,614,16,2,007532,007531,2613-878F-8619,103400,1000,20400,2000,81000
1,1,614,21,6,008196,008197,E00C-4FF9-8619,777500,5000,154500,15000,608000
1,1,614,1,3,002202,002231,2E12-DF39-8619,103400,1000,20400,2000,81000
1,1,614,26,3,008621,009774,9A14-0B17-8619,206800,2000,40800,4000,162000
1,1,614,1,1,002112,002110,D612-A96F-8619,103400,1000,20400,2000,81000
1,1,614,1,1,002112,002111,DC0B-5B69-8619,155500,1000,30900,3000,121600
1,1,614,11,3,007132,007131,A413-0B33-8619,51700,500,10200,1000,40500
1,1,614,16,2,007532,007532,1415-01B5-8619,103400,1000,20400,2000,81000
1,1,614,3,4,004414,004413,3014-AFDD-8619,517000,5000,102000,10000,405000
1,1,614,14,2,007622,007628,4E12-85CF-8619,103400,1000,20400,2000,81000
1,1,614,14,1,007612,007611,4614-8E0D-8619,1034000,10000,204000,20000,810000
1,1,614,1,8,002423,002416,E612-4DBB-8619,51700,500,10200,1000,40500
1,1,614,12,1,007203,007208,8214-1AB9-8619,103400,1000,20400,2000,81000
1,1,614,27,1,008720,008725,1212-C967-8619,517000,5000,102000,10000,405000
1,1,614,27,7,009836,008706,100C-2CB7-8619,77750,500,15450,1500,60800
1,1,614,12,4,007278,009065,3614-5385-8619,310200,3000,61200,6000,243000
1,1,614,16,3,007564,007565,220D-9A2D-8619,777500,5000,154500,15000,608000
1,1,600,20,2,008039,008037,F05A-9F77-8610,197600,1000,39300,3900,154400
1,1,612,17,2,007722,007721,340E-184F-8618,643200,4000,127600,12400,503200
1,1,614,12,3,007255,007270,9A0B-0AAB-8619,77750,500,15450,1500,60800
1,1,614,16,2,007532,007503,E813-0D93-8619,206800,2000,40800,4000,162000
1,1,614,8,6,003320,002129,A812-7445-8619,517000,5000,102000,10000,405000
1,1,614,15,1,007408,007402,9413-E879-8619,51700,500,10200,1000,40500
1,1,614,27,10,008774,008774,E414-58F3-8619,517000,5000,102000,10000,405000
1,1,614,27,10,008774,008774,BC14-4BF7-8619,310200,3000,61200,6000,243000
1,1,614,12,3,007252,007255,6412-3A55-8619,103400,1000,20400,2000,81000
1,1,614,21,1,008141,009510,E412-A791-8619,103400,1000,20400,2000,81000
1,1,614,1,3,002203,002201,1A0D-76D9-8619,77750,500,15450,1500,60800
1,1,614,27,5,009823,009823,9E14-E937-8619,517000,5000,102000,10000,405000
1,1,614,19,3,007933,007941,DA01-C361-8619,62040,600,12240,1200,48600
1,1,614,24,2,008417,008416,E812-D229-8619,517000,5000,102000,10000,405000
1,1,614,25,1,008511,008513,CC13-C20B-8619,2068000,20000,408000,40000,1620000
1,1,614,20,5,008006,008006,4A0B-A977-8619,77750,500,15450,1500,60800
1,1,614,16,1,007506,007505,3613-7A0D-8619,517000,5000,102000,10000,405000
1,1,614,17,2,007726,007727,260C-813D-8619,155500,1000,30900,3000,121600
1,1,614,21,6,008197,008198,A80C-ACDB-8619,77750,500,15450,1500,60800
1,1,614,12,4,007277,007252,1605-EDA7-8619,466500,3000,92700,9000,364800
1,1,614,25,7,009726,009722,2E14-68E7-8619,20680,200,4080,400,16200
1,1,614,18,1,007807,007805,420C-6515-8619,46650,300,9270,900,36480
1,1,614,24,1,008404,008402,2A14-365D-8619,2068000,20000,408000,40000,1620000
1,1,614,20,5,008008,008008,3A14-27DD-8619,517000,5000,102000,10000,405000
1,1,614,27,7,008738,009823,0214-89A5-8619,517000,5000,102000,10000,405000
1,1,614,1,3,002215,002328,D412-B479-8619,517000,5000,102000,10000,405000
1,1,614,13,2,007314,009122,760C-AF01-8619,777500,5000,154500,15000,608000
