1,1,334,7,9,007934,007936,521B-9BDD-8565,454200,3000,90000,9000,355200
1,1,326,7,17,009833,008713,84A2-758F-855A,422800,2000,84000,8400,330400
1,1,332,7,7,007716,007706,5420-3293-8562,53800,500,10650,1050,42100
1,1,332,7,7,007716,007730,842C-3445-8562,53800,500,10650,1050,42100
1,1,334,7,3,009122,007319,EC16-D54B-8565,757000,5000,150000,15000,592000
1,1,334,1,6,002330,002331,FC27-8333-8565,30280,200,6000,600,23680
1,1,332,7,3,009123,007319,6245-C8EF-8562,322800,3000,63900,6300,252600
1,1,334,7,5,009160,009155,1409-2399-8565,15140,100,3000,300,11840
1,2,337,6,4,008884,310001,0E06-CC35-8566,33720,200,6700,660,26360
1,2,337,6,4,008884,310001,E406-CFF3-8566,33720,200,6700,660,26360
1,2,337,6,4,008884,310001,3406-EA31-8566,33720,200,6700,660,26360
1,2,337,6,4,008884,310001,0A07-2587-8566,252900,1500,50250,4950,197700
1,2,337,7,1,007126,007122,0408-A483-8566,168600,1000,33500,3300,131800
1,2,337,7,13,008329,008330,9C07-AF5F-8566,84300,500,16750,1650,65900
1,2,337,7,8,007833,007837,5E07-FDE1-8566,84300,500,16750,1650,65900
1,2,337,7,2,007215,007253,F407-5205-8566,168600,1000,33500,3300,131800
1,2,337,3,4,004415,004415,2E08-F879-8566,168600,1000,33500,3300,131800
1,2,337,7,3,007335,007335,EA06-E7D3-8566,168600,1000,33500,3300,131800
1,2,337,7,2,007252,007253,FE06-BA67-8566,84300,500,16750,1650,65900
1,2,337,7,8,007821,007822,D007-1859-8566,337200,2000,67000,6600,263600
1,2,337,7,3,007328,007330,E808-307B-8566,505800,3000,100500,9900,395400
1,2,337,7,7,007735,007707,B408-BC89-8566,421500,2500,83750,8250,329500
1,2,337,7,8,007835,007836,3407-4F9F-8566,168600,1000,33500,3300,131800
1,2,337,7,2,007259,007259,5A07-EDD5-8566,168600,1000,33500,3300,131800
1,2,337,7,11,008195,008196,9208-1407-8566,505800,3000,100500,9900,395400
1,2,337,7,8,007820,007823,AC07-5777-8566,505800,3000,100500,9900,395400
1,2,337,1,8,002430,002430,C407-0E01-8566,337200,2000,67000,6600,263600
1,2,337,7,13,008330,008328,B007-6343-8566,337200,2000,67000,6600,263600
1,2,337,7,11,008182,009534,A607-2C39-8566,1686000,10000,335000,33000,1318000
1,2,337,3,3,004311,004311,0009-1C59-8566,84300,500,16750,1650,65900
1,2,337,7,11,008171,009530,0808-2F99-8566,843000,5000,167500,16500,659000
1,2,337,7,12,008233,008235,E809-40D1-8566,421500,2500,83750,8250,329500
1,2,337,7,12,008231,008235,2207-DA3B-8566,168600,1000,33500,3300,131800
1,2,337,7,2,007214,007216,8C08-DFF3-8566,337200,2000,67000,6600,263600
1,2,337,7,15,008524,008524,D208-22D7-8566,168600,1000,33500,3300,131800
1,2,337,1,5,002306,002306,1008-7205-8566,168600,1000,33500,3300,131800
1,2,337,7,7,007702,007701,9407-319F-8566,168600,1000,33500,3300,131800
1,2,337,2,4,003415,002424,8007-1D15-8566,505800,3000,100500,9900,395400
1,2,337,7,7,007721,007722,4007-CB87-8566,168600,1000,33500,3300,131800
1,2,337,7,2,007215,007257,6808-460F-8566,168600,1000,33500,3300,131800
1,2,337,7,2,007268,007266,CE07-B8A1-8566,16860,100,3350,330,13180
1,2,337,7,7,007723,007722,DA06-D0E7-8566,843000,5000,167500,16500,659000
1,2,337,7,2,007267,007267,B407-BB47-8566,168600,1000,33500,3300,131800
1,2,337,7,3,007314,007305,8608-2501-8566,843000,5000,167500,16500,659000
1,2,337,7,11,008172,009533,C807-6105-8566,843000,5000,167500,16500,659000
1,2,337,7,16,008634,008637,DA06-E905-8566,843000,5000,167500,16500,659000
1,2,337,7,13,008322,008321,6208-3899-8566,168600,1000,33500,3300,131800
1,2,337,7,4,007403,007403,3E07-2497-8566,337200,2000,67000,6600,263600
1,2,337,7,4,007425,007401,9808-56A1-8566,16860,100,3350,330,13180
1,2,337,7,3,007334,007334,4C07-B20B-8566,252900,1500,50250,4950,197700
1,2,337,7,2,007206,007206,F606-E8AB-8566,84300,500,16750,1650,65900
1,2,337,7,7,007703,007703,1607-C8D3-8566,505800,3000,100500,9900,395400
1,2,337,1,4,002229,002230,BC07-794B-8566,168600,1000,33500,3300,131800
1,2,337,7,7,007716,007716,E208-00A1-8566,168600,1000,33500,3300,131800
1,2,337,7,2,007220,007219,2A08-D9F1-8566,674400,4000,134000,13200,527200
1,2,337,7,2,007217,007206,E609-2FCF-8566,50580,300,10050,990,39540
1,2,337,7,8,007834,007836,4009-1915-8566,168600,1000,33500,3300,131800
1,2,337,7,17,008762,008762,9C07-9C57-8566,843000,5000,167500,16500,659000
1,2,337,7,7,007733,007731,6207-945D-8566,168600,1000,33500,3300,131800
1,2,337,7,5,007618,007618,1C08-A675-8566,84300,500,16750,1650,65900
1,2,337,7,1,009014,009013,9C07-1C0F-8566,33720,200,6700,660,26360
1,2,337,7,5,007622,007626,4A08-7653-8566,168600,1000,33500,3300,131800
1,2,337,7,8,007811,007812,F408-3EB5-8566,337200,2000,67000,6600,263600
1,2,337,7,4,007423,007430,D607-D3A7-8566,843000,5000,167500,16500,659000
1,2,337,7,5,007620,007623,B607-415B-8566,1348800,8000,268000,26400,1054400
1,2,337,7,5,007621,007619,0E07-24E5-8566,168600,1000,33500,3300,131800
1,2,337,7,17,008750,008751,FE07-B831-8566,505800,3000,100500,9900,395400
1,2,337,7,5,007627,007622,0807-B523-8566,84300,500,16750,1650,65900
1,2,337,7,17,008757,008754,7608-382D-8566,84300,500,16750,1650,65900
1,2,337,7,5,007605,007606,A007-D271-8566,84300,500,16750,1650,65900
1,2,337,7,11,008197,008199,CC08-6EFD-8566,252900,1500,50250,4950,197700
1,2,337,7,15,008512,008514,7408-1A8F-8566,843000,5000,167500,16500,659000
1,2,337,7,10,008021,008021,0806-FDAB-8566,505800,3000,100500,9900,395400
1,2,337,7,10,008011,009454,5807-7497-8566,168600,1000,33500,3300,131800
1,2,337,7,10,008026,008026,3009-0E5B-8566,337200,2000,67000,6600,263600
1,2,337,7,6,007532,007533,EA07-6E8F-8566,505800,3000,100500,9900,395400
1,2,337,7,10,008007,008006,8807-551F-8566,337200,2000,67000,6600,263600
1,2,337,7,5,007611,007611,3408-3B29-8566,168600,1000,33500,3300,131800
1,2,337,7,6,007532,007533,3A07-7271-8566,33720,200,6700,660,26360
1,2,337,7,7,007722,007723,5807-86F3-8566,168600,1000,33500,3300,131800
1,2,337,7,8,007833,007833,A007-9E0D-8566,337200,2000,67000,6600,263600
1,2,337,7,7,007704,007706,6607-CDCD-8566,505800,3000,100500,9900,395400
1,2,337,7,8,007817,007818,AE07-8823-8566,168600,1000,33500,3300,131800
1,2,337,7,10,008039,008026,B207-7927-8566,337200,2000,67000,6600,263600
1,2,337,7,8,007842,007821,0007-391D-8566,84300,500,16750,1650,65900
1,2,337,7,5,007606,007604,EE07-5141-8566,337200,2000,67000,6600,263600
1,2,337,7,10,008005,008006,7E06-EDA9-8566,168600,1000,33500,3300,131800
1,2,337,7,12,008254,008254,7E08-09D5-8566,337200,2000,67000,6600,263600
1,2,337,7,9,007908,007908,BC07-1E45-8566,84300,500,16750,1650,65900
1,2,337,7,5,007628,007612,7E07-FAC3-8566,16860,100,3350,330,13180
1,2,337,7,18,008809,009908,A008-2305-8566,843000,5000,167500,16500,659000
1,2,337,7,8,007819,007817,5008-44B7-8566,505800,3000,100500,9900,395400
1,2,337,7,15,008542,008542,4C09-3BFF-8566,337200,2000,67000,6600,263600
1,2,337,7,3,007319,009124,1A07-EA71-8566,843000,5000,167500,16500,659000
1,2,337,7,17,008710,008726,0E07-49B1-8566,843000,5000,167500,16500,659000
1,2,337,7,3,007330,007330,9207-2FD5-8566,843000,5000,167500,16500,659000
1,2,337,7,5,007634,007634,9407-423B-8566,252900,1500,50250,4950,197700
1,2,337,7,7,007721,007721,1006-A80D-8566,168600,1000,33500,3300,131800
1,2,337,7,10,008041,008041,9209-379D-8566,505800,3000,100500,9900,395400
1,2,337,7,13,008326,008316,6408-28AF-8566,168600,1000,33500,3300,131800
1,2,337,7,8,007820,007820,CE07-97ED-8566,843000,5000,167500,16500,659000
1,2,337,7,17,008703,008703,D608-3183-8566,337200,2000,67000,6600,263600
1,2,337,7,6,007539,007539,0607-C725-8566,505800,3000,100500,9900,395400
1,2,337,7,8,007825,007819,8C08-79F1-8566,505800,3000,100500,9900,395400
1,2,337,7,5,009160,009159,1A06-CAE9-8566,50580,300,10050,990,39540
1,2,337,3,1,004108,004113,4C08-4329-8566,843000,5000,167500,16500,659000
1,2,337,7,3,007301,007302,2807-95A9-8566,50580,300,10050,990,39540
1,2,337,7,14,008403,008403,7008-FB8B-8566,337200,2000,67000,6600,263600
1,2,337,7,8,007828,007824,1007-5F59-8566,337200,2000,67000,6600,263600
1,2,337,7,14,008434,008436,C008-21A3-8566,168600,1000,33500,3300,131800
1,2,337,4,3,005101,005101,1008-6315-8566,4215000,25000,837500,82500,3295000
1,2,337,7,6,007572,007573,AC06-C275-8566,337200,2000,67000,6600,263600
1,2,337,7,8,007836,007837,4609-3A75-8566,168600,1000,33500,3300,131800
1,2,337,1,8,002430,002424,0C07-6FCB-8566,84300,500,16750,1650,65900
1,2,337,7,6,007530,007530,4808-448F-8566,1686000,10000,335000,33000,1318000
1,2,337,3,4,004413,004413,7808-CE57-8566,185460,1100,36850,3630,144980
1,2,337,7,10,009456,009457,4A08-3B37-8566,674400,4000,134000,13200,527200
1,2,337,7,6,007517,007518,F808-12CD-8566,84300,500,16750,1650,65900
1,2,337,7,2,007274,007269,1409-0C9D-8566,168600,1000,33500,3300,131800
1,2,337,7,13,008348,008347,FE07-8BCD-8566,337200,2000,67000,6600,263600
1,2,337,1,2,002125,002125,2A06-A45D-8566,168600,1000,33500,3300,131800
1,2,337,7,6,007521,007518,EE07-C6AF-8566,337200,2000,67000,6600,263600
1,2,337,7,7,007716,007716,EE07-0CEF-8566,84300,500,16750,1650,65900
1,2,337,7,11,008182,008182,A607-D377-8566,168600,1000,33500,3300,131800
1,2,337,7,2,007220,007219,8A07-CE81-8566,168600,1000,33500,3300,131800
1,2,337,7,9,007935,007936,9608-35EF-8566,674400,4000,134000,13200,527200
1,2,337,7,6,007583,007583,0E07-D899-8566,168600,1000,33500,3300,131800
1,2,337,7,17,008784,008784,8808-03AD-8566,168600,1000,33500,3300,131800
1,2,337,7,11,009541,009540,AC06-D95D-8566,168600,1000,33500,3300,131800
1,2,337,7,8,007827,007817,D407-7CEF-8566,50580,300,10050,990,39540
1,2,337,1,8,002431,002431,0E08-2CC1-8566,50580,300,10050,990,39540
1,2,337,7,17,009824,009826,5807-CB91-8566,252900,1500,50250,4950,197700
1,2,337,7,1,009025,009012,A807-2C97-8566,168600,1000,33500,3300,131800
1,2,337,7,6,007539,007539,FC06-F46F-8566,337200,2000,67000,6600,263600
1,2,337,1,7,002417,002417,9609-1467-8566,84300,500,16750,1650,65900
1,2,337,7,6,007551,007552,EA08-E449-8566,168600,1000,33500,3300,131800
1,2,337,7,15,008511,008513,BA07-E11B-8566,168600,1000,33500,3300,131800
1,2,337,7,4,007406,007407,8807-BF1F-8566,84300,500,16750,1650,65900
1,2,337,7,17,009801,009801,D808-97A1-8566,16860,100,3350,330,13180
1,2,337,7,1,009007,009007,E809-2255-8566,337200,2000,67000,6600,263600
1,2,337,7,11,008196,008196,4407-7369-8566,168600,1000,33500,3300,131800
1,2,337,7,6,007508,007505,3607-9755-8566,337200,2000,67000,6600,263600
1,2,337,7,8,007814,007814,3607-D9EF-8566,168600,1000,33500,3300,131800
1,2,337,7,12,008262,008249,0606-FDA5-8566,168600,1000,33500,3300,131800
1,2,337,7,15,008543,008542,8A07-4107-8566,84300,500,16750,1650,65900
1,2,337,7,5,007638,009156,E406-BA11-8566,843000,5000,167500,16500,659000
1,2,337,7,9,007901,007902,8A09-0275-8566,843000,5000,167500,16500,659000
1,2,337,7,11,008171,009525,4A08-55DD-8566,168600,1000,33500,3300,131800
1,2,337,7,16,008635,008636,1E08-1AE3-8566,168600,1000,33500,3300,131800
1,2,337,1,8,002430,002415,0608-C6E1-8566,84300,500,16750,1650,65900
1,2,337,7,11,008182,009543,8406-C0EF-8566,843000,5000,167500,16500,659000
1,2,337,7,3,007319,007325,4208-EEAF-8566,337200,2000,67000,6600,263600
1,2,337,7,6,007509,007502,BA08-AC37-8566,337200,2000,67000,6600,263600
1,2,337,7,7,007704,007704,3E06-F701-8566,168600,1000,33500,3300,131800
1,2,337,7,13,008322,008321,3009-1D49-8566,421500,2500,83750,8250,329500
1,2,337,7,10,009463,009461,4C06-EBA1-8566,16860,100,3350,330,13180
1,2,337,7,2,007272,007257,7407-FB49-8566,337200,2000,67000,6600,263600
1,2,337,7,16,008634,008635,5E09-2B7B-8566,1686000,10000,335000,33000,1318000
1,2,337,7,10,008005,008005,CE08-11DD-8566,337200,2000,67000,6600,263600
1,2,337,7,16,008616,008616,9807-AE7B-8566,505800,3000,100500,9900,395400
1,2,337,7,4,007425,007425,6E09-387F-8566,337200,2000,67000,6600,263600
1,2,337,8,4,002409,002409,B408-1623-8566,134880,800,26800,2640,105440
1,2,337,7,12,008254,008262,3C09-1E67-8566,337200,2000,67000,6600,263600
1,2,337,7,15,008546,008547,FE08-031B-8566,84300,500,16750,1650,65900
1,2,337,7,15,008546,008544,F406-D08D-8566,84300,500,16750,1650,65900
1,2,337,7,4,007424,007424,B607-1DCF-8566,168600,1000,33500,3300,131800
1,2,337,7,3,007312,009106,E207-0133-8566,168600,1000,33500,3300,131800
1,2,337,4,1,004502,004502,3608-F7E1-8566,505800,3000,100500,9900,395400
1,2,337,7,5,007604,007606,5007-DC0B-8566,843000,5000,167500,16500,659000
1,2,337,7,3,007319,007319,FC06-E74B-8566,337200,2000,67000,6600,263600
1,2,337,7,17,008762,008762,AE08-D35B-8566,843000,5000,167500,16500,659000
1,2,337,7,1,007122,007122,8E09-01D1-8566,50580,300,10050,990,39540
1,2,337,7,8,007819,007821,EC08-0289-8566,337200,2000,67000,6600,263600
1,2,337,7,17,008715,008715,1407-5FDD-8566,505800,3000,100500,9900,395400
1,2,337,7,6,007539,007540,9208-E02D-8566,337200,2000,67000,6600,263600
1,2,337,7,2,007220,009052,EA07-5359-8566,168600,1000,33500,3300,131800
1,2,337,1,4,002228,002228,8008-03E5-8566,168600,1000,33500,3300,131800
1,2,337,7,5,007639,007638,1C07-5E5B-8566,168600,1000,33500,3300,131800
1,2,337,7,2,007202,007202,EA07-998D-8566,168600,1000,33500,3300,131800
1,2,337,7,6,007541,007541,3C08-DA27-8566,337200,2000,67000,6600,263600
1,2,337,7,15,008511,008513,CE06-F711-8566,16860,100,3350,330,13180
1,2,337,7,15,008511,008513,5206-F877-8566,33720,200,6700,660,26360
1,2,337,7,11,009544,009545,B008-4B7D-8566,843000,5000,167500,16500,659000
1,2,337,7,10,009454,009455,2007-E7A7-8566,168600,1000,33500,3300,131800
1,2,337,7,4,007404,007404,D009-111D-8566,168600,1000,33500,3300,131800
1,2,337,8,11,005104,005104,5E07-5BDD-8566,843000,5000,167500,16500,659000
1,2,337,7,17,009802,009802,BA07-1E23-8566,337200,2000,67000,6600,263600
1,2,337,7,7,007710,007704,C608-C2A5-8566,337200,2000,67000,6600,263600
1,2,337,7,18,009916,009916,9209-2733-8566,168600,1000,33500,3300,131800
1,2,337,7,8,007828,007828,6806-FA05-8566,84300,500,16750,1650,65900
1,2,337,7,5,007638,007637,2E07-A737-8566,337200,2000,67000,6600,263600
1,2,337,7,10,009462,009463,2807-4955-8566,84300,500,16750,1650,65900
1,2,337,7,3,007330,007327,9807-F18B-8566,168600,1000,33500,3300,131800
1,2,337,7,4,009203,009204,5606-C99F-8566,16860,100,3350,330,13180
1,2,337,7,7,007723,007721,C607-97E5-8566,337200,2000,67000,6600,263600
1,2,337,8,4,002409,002408,EC07-A9F1-8566,50580,300,10050,990,39540
1,2,337,7,4,009203,009205,CC07-184B-8566,16860,100,3350,330,13180
1,2,337,7,14,008403,008406,C207-D3F3-8566,168600,1000,33500,3300,131800
1,2,337,7,13,008327,008327,E808-9A55-8566,168600,1000,33500,3300,131800
1,2,337,7,9,007910,007910,4807-1617-8566,337200,2000,67000,6600,263600
1,2,337,1,7,002413,002120,0608-1E67-8566,505800,3000,100500,9900,395400
1,2,337,7,15,008545,009724,6801-B9E7-8566,168600,1000,33500,3300,131800
1,2,337,7,6,007552,007552,9A08-CFEB-8566,168600,1000,33500,3300,131800
1,2,337,7,6,007554,007554,BA08-9DC5-8566,1686000,10000,335000,33000,1318000
1,2,337,7,15,008532,009723,3C07-803D-8566,1686000,10000,335000,33000,1318000
1,2,337,7,17,009824,009825,3E08-CA75-8566,505800,3000,100500,9900,395400
1,2,337,7,2,007266,007268,2C08-0FDD-8566,337200,2000,67000,6600,263600
1,2,337,7,17,009843,009843,D806-A57F-8566,168600,1000,33500,3300,131800
1,2,337,7,11,009536,009537,3407-10BF-8566,84300,500,16750,1650,65900
1,2,337,7,8,007835,007834,6C08-9F6D-8566,843000,5000,167500,16500,659000
1,2,337,7,12,008266,008265,5208-B141-8566,168600,1000,33500,3300,131800
1,2,337,7,13,008335,008340,9608-6AFB-8566,505800,3000,100500,9900,395400
1,2,337,7,10,009454,009458,4A06-D341-8566,16860,100,3350,330,13180
1,2,337,7,9,007932,007932,4406-D497-8566,168600,1000,33500,3300,131800
1,2,337,7,10,009457,009458,0206-FD3D-8566,337200,2000,67000,6600,263600
1,2,337,7,2,009052,009051,8606-DAB1-8566,50580,300,10050,990,39540
1,2,337,7,7,007721,007721,F406-E6A1-8566,84300,500,16750,1650,65900
1,2,337,7,6,007576,007572,6407-AF47-8566,337200,2000,67000,6600,263600
1,2,337,7,3,007330,009105,3A08-427F-8566,337200,2000,67000,6600,263600
1,2,337,7,9,007940,007941,3808-F8AF-8566,337200,2000,67000,6600,263600
1,2,337,7,2,007271,007271,A807-651D-8566,168600,1000,33500,3300,131800
1,2,337,7,11,009532,009530,6806-CB1B-8566,640680,3800,127300,12540,500840
1,2,337,7,3,007329,007329,F807-284B-8566,843000,5000,167500,16500,659000
1,2,337,7,18,008809,009906,B808-AD77-8566,168600,1000,33500,3300,131800
1,2,337,1,7,002417,002416,4207-862B-8566,843000,5000,167500,16500,659000
1,2,337,1,5,002304,002331,8407-BF33-8566,8430000,50000,1675000,165000,6590000
1,2,337,7,11,009538,009539,4A08-28E1-8566,337200,2000,67000,6600,263600
1,2,337,7,17,008704,008725,E608-9B5B-8566,1686000,10000,335000,33000,1318000
1,2,337,7,9,007902,007906,5C09-2B19-8566,84300,500,16750,1650,65900
1,2,337,7,9,007902,007902,2A08-DAD1-8566,84300,500,16750,1650,65900
1,2,337,7,6,007539,007554,E208-2F91-8566,168600,1000,33500,3300,131800
1,2,337,7,5,007604,007626,C607-A95D-8566,33720,200,6700,660,26360
1,2,337,7,12,008241,008243,5208-EEDF-8566,252900,1500,50250,4950,197700
1,2,337,7,5,007628,007625,5408-677D-8566,505800,3000,100500,9900,395400
1,2,337,7,3,009103,007314,FA08-4DF5-8566,505800,3000,100500,9900,395400
1,2,337,7,14,008409,008409,DE08-E6F9-8566,505800,3000,100500,9900,395400
1,2,337,7,9,007909,007905,2C07-47F7-8566,84300,500,16750,1650,65900
1,2,337,7,18,009908,009909,8008-AE6F-8566,67440,400,13400,1320,52720
1,2,337,7,7,007704,007726,6C07-CDE7-8566,84300,500,16750,1650,65900
1,2,337,7,2,009063,009052,C208-D3F7-8566,16860,100,3350,330,13180
1,2,337,7,10,009464,009465,7206-AAD1-8566,16860,100,3350,330,13180
1,2,337,7,17,008719,008725,1607-26F9-8566,337200,2000,67000,6600,263600
1,2,337,7,12,008260,008260,7608-FC2D-8566,843000,5000,167500,16500,659000
1,2,337,7,16,008637,008636,6E07-EAC5-8566,843000,5000,167500,16500,659000
1,2,337,2,3,003314,003312,6A07-6977-8566,337200,2000,67000,6600,263600
1,2,337,7,18,009910,009913,6208-56FB-8566,16860,100,3350,330,13180
1,2,337,7,9,007941,007938,4207-EE2D-8566,337200,2000,67000,6600,263600
1,2,337,7,7,007735,007701,A406-DEAF-8566,16860,100,3350,330,13180
1,2,337,7,7,007733,007733,5A07-DBA1-8566,168600,1000,33500,3300,131800
1,2,337,7,7,007706,007704,8606-F121-8566,33720,200,6700,660,26360
1,2,337,7,1,009026,009027,DC07-348F-8566,84300,500,16750,1650,65900
1,2,337,7,7,007706,007707,A206-DCE3-8566,67440,400,13400,1320,52720
1,2,337,7,15,008512,008512,4406-EA81-8566,843000,5000,167500,16500,659000
1,2,337,7,18,008804,008804,BE07-1D29-8566,843000,5000,167500,16500,659000
1,2,337,7,17,008738,008736,FE08-306D-8566,674400,4000,134000,13200,527200
1,2,337,1,6,002330,002329,4608-6601-8566,337200,2000,67000,6600,263600
1,2,337,7,17,008760,008760,3807-0F71-8566,168600,1000,33500,3300,131800
1,2,337,8,8,004317,004311,2A07-47D1-8566,337200,2000,67000,6600,263600
1,2,337,8,8,004319,004319,2806-A9DD-8566,33720,200,6700,660,26360
1,2,337,7,17,008715,008716,0007-397D-8566,337200,2000,67000,6600,263600
1,2,337,8,6,003316,003317,F608-8B7B-8566,505800,3000,100500,9900,395400
1,2,337,3,3,004311,004319,2407-E723-8566,505800,3000,100500,9900,395400
1,2,337,7,1,007126,007126,4A06-F86F-8566,843000,5000,167500,16500,659000
1,2,337,7,15,009741,009741,4206-ECD1-8566,33720,200,6700,660,26360
1,2,337,7,5,007610,007611,9E07-BD2B-8566,843000,5000,167500,16500,659000
1,2,337,7,6,007575,007574,BE06-9AEF-8566,16860,100,3350,330,13180
1,2,337,7,2,007268,007267,CA07-0DA9-8566,168600,1000,33500,3300,131800
1,2,337,7,2,007201,007202,C207-F5F5-8566,337200,2000,67000,6600,263600
1,2,337,7,2,007252,007252,3207-47A9-8566,337200,2000,67000,6600,263600
1,2,337,7,8,009356,009355,6807-CD63-8566,168600,1000,33500,3300,131800
1,2,337,7,3,007313,007301,A208-78D9-8566,16860,100,3350,330,13180
1,2,337,7,6,007502,007502,3E06-D25B-8566,168600,1000,33500,3300,131800
1,2,337,7,13,008322,008322,DA08-B8A1-8566,337200,2000,67000,6600,263600
1,2,337,7,1,007121,007121,F807-43AB-8566,50580,300,10050,990,39540
1,2,337,7,7,007716,007730,5607-B231-8566,16860,100,3350,330,13180
1,2,337,7,15,009743,009743,7407-8533-8566,84300,500,16750,1650,65900
1,2,337,7,7,007704,007704,D407-0105-8566,84300,500,16750,1650,65900
1,2,337,8,8,004319,004310,5409-0791-8566,168600,1000,33500,3300,131800
1,2,337,3,4,004415,004114,BA07-6BBB-8566,168600,1000,33500,3300,131800
1,2,337,7,3,009121,009121,8607-BF11-8566,252900,1500,50250,4950,197700
1,2,337,7,10,008025,008026,E008-12D5-8566,16860,100,3350,330,13180
1,2,337,7,5,007610,007612,5407-B193-8566,84300,500,16750,1650,65900
1,2,337,7,4,007425,007425,A207-7ABB-8566,505800,3000,100500,9900,395400
1,1,324,7,17,008746,008746,B024-F875-8559,650000,5000,129000,12500,508500
1,2,337,2,1,003112,003113,7007-B177-8566,168600,1000,33500,3300,131800
1,2,337,7,15,009742,008542,B608-C2B5-8566,843000,5000,167500,16500,659000
1,2,337,7,3,009103,009103,DC08-8977-8566,168600,1000,33500,3300,131800
1,2,337,7,1,007103,007102,E807-7E35-8566,50580,300,10050,990,39540
1,2,337,7,8,009355,009354,1208-7181-8566,16860,100,3350,330,13180
1,2,337,7,15,009743,008542,6E08-45E9-8566,84300,500,16750,1650,65900
1,2,337,7,15,009721,009722,7807-EC75-8566,168600,1000,33500,3300,131800
1,1,334,7,17,009808,009808,3E28-96CD-8565,1514000,10000,300000,30000,1184000
1,2,337,7,5,007618,007620,C808-33BF-8566,168600,1000,33500,3300,131800
1,1,332,7,2,009067,007275,B61F-DE79-8562,107600,1000,21300,2100,84200
1,2,337,7,5,009157,009155,8008-59BB-8566,33720,200,6700,660,26360
1,2,337,7,5,007639,007639,A607-F057-8566,337200,2000,67000,6600,263600
1,2,337,1,1,002111,002228,B608-C315-8566,168600,1000,33500,3300,131800
1,2,337,7,17,009843,009841,C807-176D-8566,168600,1000,33500,3300,131800
1,2,337,7,12,008254,008256,9C09-36F3-8566,337200,2000,67000,6600,263600
1,2,337,7,11,009525,009526,D407-7B4D-8566,505800,3000,100500,9900,395400
1,2,337,7,17,008758,008757,0808-848D-8566,337200,2000,67000,6600,263600
1,2,337,7,11,009525,009528,0408-B6BD-8566,84300,500,16750,1650,65900
1,2,337,7,6,007562,007562,5E01-C19F-8566,843000,5000,167500,16500,659000
1,2,337,7,6,007562,007562,3201-C07D-8566,337200,2000,67000,6600,263600
1,1,334,7,8,007822,007804,E801-D6D3-8565,30280,200,6000,600,23680
1,2,337,7,15,008513,008513,B608-8E67-8566,84300,500,16750,1650,65900
1,2,337,7,2,007207,007257,7E07-8557-8566,84300,500,16750,1650,65900
1,2,337,7,13,008321,008321,6008-9E61-8566,168600,1000,33500,3300,131800
1,2,337,7,12,008256,008254,EC08-D755-8566,168600,1000,33500,3300,131800
1,2,337,7,16,008614,008613,AA08-F1BB-8566,337200,2000,67000,6600,263600
1,2,337,7,17,008716,008715,6208-9377-8566,505800,3000,100500,9900,395400
1,2,337,7,17,008713,008735,3608-DA6D-8566,505800,3000,100500,9900,395400
1,2,337,7,14,008442,008410,FC09-11F3-8566,84300,500,16750,1650,65900
1,1,332,7,15,008546,007921,5854-8039-8562,10760,100,2130,210,8420
1,1,334,7,9,007923,007919,4829-EAF9-8565,757000,5000,150000,15000,592000
1,1,334,7,6,007502,007520,8010-6E2D-8565,454200,3000,90000,9000,355200
1,2,337,2,3,003312,003314,D607-191D-8566,168600,1000,33500,3300,131800
1,2,337,7,13,008329,008315,6608-B155-8566,1686000,10000,335000,33000,1318000
1,2,337,7,7,007734,007704,2808-600B-8566,1686000,10000,335000,33000,1318000
1,2,337,7,5,007613,007621,6207-94DD-8566,33720,200,6700,660,26360
1,1,326,7,1,009027,007101,78A5-B2C3-855A,422800,2000,84000,8400,330400
1,2,337,7,9,007933,007934,5A08-CD17-8566,337200,2000,67000,6600,263600
1,2,337,7,5,007625,007622,FE09-2143-8566,84300,500,16750,1650,65900
1,2,337,7,9,007933,007940,E208-1251-8566,33720,200,6700,660,26360
1,2,337,7,9,007932,007939,A208-C181-8566,84300,500,16750,1650,65900
1,1,334,7,17,009830,009822,A223-D9F7-8565,75700,500,15000,1500,59200
1,1,332,7,17,008713,008707,8C54-228F-8562,322800,3000,63900,6300,252600
1,2,337,7,2,007255,007261,F206-DC4F-8566,16860,100,3350,330,13180
1,2,337,4,1,004502,004502,A408-3533-8566,505800,3000,100500,9900,395400
1,2,337,7,13,008347,008348,0209-2D25-8566,843000,5000,167500,16500,659000
1,1,332,7,5,007604,007622,C457-0961-8562,107600,1000,21300,2100,84200
1,2,337,7,6,007531,007531,8008-0325-8566,168600,1000,33500,3300,131800
1,1,128,7,6,007572,007539,DA63-D989-84DE,795000,5000,158000,15500,621500
1,1,334,7,13,008328,008322,122A-DA79-8565,151400,1000,30000,3000,118400
1,2,337,7,10,008034,008037,3E08-1E01-8566,252900,1500,50250,4950,197700
1,1,334,7,14,008417,008418,562A-3799-8565,151400,1000,30000,3000,118400
